,0,1,2,3,4,5,modelStates,target
0,0.983886734433863,0.003585330329841352,0.002941311642186993,0.0013104896990064376,0.0034871420981383307,0.004788991796963759,Lying,Lying
1,0.9865942210528627,0.0021731435024632136,0.00205207787635444,0.0025408175158583243,0.001825065146332329,0.004814674906129058,Lying,Lying
2,0.9837996721420912,0.002445662667173311,0.0022842060035415308,0.0023876476419489095,0.003466950867494154,0.005615860677750909,Lying,Lying
3,0.9904318149565423,0.001231860037105921,0.0019404204532718777,0.0010622142042625118,0.002834947643495006,0.002498742705322186,Lying,Lying
4,0.988022165217495,0.003091824699746898,0.00242176780106213,0.0010227859305575954,0.0036707005536940726,0.0017707557974446747,Lying,Lying
5,0.997904382551109,2.2094607960076788e-05,0.000657703254856703,0.00021570424342650556,0.0008642637278260226,0.00033585161482140057,Lying,Lying
6,0.9751836574994193,0.00033557785976929665,0.005275702324472424,0.0023274308465641032,0.01107024130419529,0.005807390165579746,Lying,Lying
7,0.982261756024873,0.0029010855271274535,0.002529979710944558,0.003354515030576987,0.0025693372396113786,0.006383326466866367,Lying,Lying
8,0.9823337569579733,0.003125322867578178,0.0024665195030785228,0.0032595333044974396,0.002610543337479923,0.006204324029392842,Lying,Lying
9,0.9788513126041329,0.0056113985032116755,0.002780759634745271,0.0034641937068288415,0.0027301418098870057,0.006562193741194163,Lying,Lying
10,0.9795025747690375,0.004819429475664582,0.0026484207754767855,0.0034480561621893,0.002398562189315482,0.007182956628316445,Lying,Lying
11,0.9811346337057937,0.001814220894294159,0.002668321216448395,0.0031919514129952896,0.003719104800036867,0.0074717679704315735,Lying,Lying
12,0.9826285905467329,0.0023860589084625026,0.002227189888043032,0.003196643444337572,0.002639850758310703,0.006921666454113266,Lying,Lying
13,0.9809707493620672,0.004814835888941121,0.0030264005470258147,0.0033960583627329764,0.0022912508859930414,0.005500704953240022,Lying,Lying
14,0.980807696720517,0.004143042072406696,0.0025617326952106887,0.003275122015510757,0.0026757416283451534,0.006536664868009595,Lying,Lying
15,0.9858498811140665,0.0009565137239348508,0.0027312487517058624,0.0033363678588733433,0.0029032694046305404,0.004222719146788865,Lying,Lying
16,0.9801295345454955,0.003975066975283794,0.00253852672018603,0.003498449456852125,0.0025405510100632613,0.007317871292119392,Lying,Lying
17,0.9839007835555605,0.0023492877608270427,0.0024257056032826745,0.0031361883963745983,0.0024478952644883143,0.005740139419466857,Lying,Lying
18,0.9832439226776053,0.0025723917246688872,0.002413826817691847,0.00322298521774775,0.002571247375978637,0.005975626186308078,Lying,Lying
19,0.9849724511714187,0.0018790862034494412,0.0026051535253792295,0.0031141983638045966,0.002431223304913813,0.004997887431033944,Lying,Lying
20,0.9814106368405159,0.0031136122710678235,0.0028109581246655475,0.003497938005269115,0.002972241876823159,0.006194612881658389,Lying,Lying
21,0.9793460990979699,0.004071082859517141,0.0027391791667839573,0.0036944913312124544,0.0029813473784056355,0.007167800166111039,Lying,Lying
22,0.9805560861054197,0.0032692312481588034,0.002543267161020551,0.0034878709946635517,0.0027476276167125785,0.007395916874024539,Lying,Lying
23,0.9772818217511583,0.006063868862155224,0.0027871296673521403,0.003589842451895189,0.002914492510918559,0.007362844756520603,Lying,Lying
24,0.9813733468467647,0.0034575690849300914,0.002615060230750439,0.003353155287496494,0.0025509422725589503,0.006649926277499265,Lying,Lying
25,0.9824333739598818,0.0024719597306941134,0.0023880737604894055,0.0034077552436175213,0.0026175570972437274,0.006681280208073554,Lying,Lying
26,0.9803409165081213,0.0035804498405478356,0.0024784487468910857,0.003461529340356338,0.002584734344934044,0.007553921219149323,Lying,Lying
27,0.9801525583304832,0.0037421224567699067,0.0025812016887152194,0.003514615391428365,0.0027313615395776437,0.007278140593025897,Lying,Lying
28,0.9720574940146313,0.009041149825584472,0.002340828711409564,0.003598337437593139,0.0029047492190021926,0.010057440791779514,Lying,Lying
29,0.9720574940146313,0.009041149825584472,0.002340828711409564,0.003598337437593139,0.0029047492190021926,0.010057440791779514,Lying,Lying
30,0.9720574940146313,0.009041149825584472,0.002340828711409564,0.003598337437593139,0.0029047492190021926,0.010057440791779514,Lying,Lying
31,0.9720574940146313,0.009041149825584472,0.002340828711409564,0.003598337437593139,0.0029047492190021926,0.010057440791779514,Lying,Lying
32,0.9720574940146313,0.009041149825584472,0.002340828711409564,0.003598337437593139,0.0029047492190021926,0.010057440791779514,Lying,Lying
33,0.9720574940146313,0.009041149825584472,0.002340828711409564,0.003598337437593139,0.0029047492190021926,0.010057440791779514,Lying,Lying
34,0.9720574940146313,0.009041149825584472,0.002340828711409564,0.003598337437593139,0.0029047492190021926,0.010057440791779514,Lying,Lying
35,0.9720574940146313,0.009041149825584472,0.002340828711409564,0.003598337437593139,0.0029047492190021926,0.010057440791779514,Lying,Lying
36,0.9720574940146313,0.009041149825584472,0.002340828711409564,0.003598337437593139,0.0029047492190021926,0.010057440791779514,Lying,Lying
37,0.9795407746280853,0.003881587460858554,0.002018047989497641,0.0030315891080979107,0.002661256533239627,0.00886674428022094,Lying,Lying
38,0.9795407746280853,0.003881587460858554,0.002018047989497641,0.0030315891080979107,0.002661256533239627,0.00886674428022094,Lying,Lying
39,0.9795407746280853,0.003881587460858554,0.002018047989497641,0.0030315891080979107,0.002661256533239627,0.00886674428022094,Lying,Lying
40,0.9795407746280853,0.003881587460858554,0.002018047989497641,0.0030315891080979107,0.002661256533239627,0.00886674428022094,Lying,Lying
41,0.9795407746280853,0.003881587460858554,0.002018047989497641,0.0030315891080979107,0.002661256533239627,0.00886674428022094,Lying,Lying
42,0.9795407746280853,0.003881587460858554,0.002018047989497641,0.0030315891080979107,0.002661256533239627,0.00886674428022094,Lying,Lying
43,0.9795407746280853,0.003881587460858554,0.002018047989497641,0.0030315891080979107,0.002661256533239627,0.00886674428022094,Lying,Lying
44,0.9795407746280853,0.003881587460858554,0.002018047989497641,0.0030315891080979107,0.002661256533239627,0.00886674428022094,Lying,Lying
45,0.9795407746280853,0.003881587460858554,0.002018047989497641,0.0030315891080979107,0.002661256533239627,0.00886674428022094,Lying,Lying
46,0.9795407746280853,0.003881587460858554,0.002018047989497641,0.0030315891080979107,0.002661256533239627,0.00886674428022094,Lying,Lying
47,0.9795407746280853,0.003881587460858554,0.002018047989497641,0.0030315891080979107,0.002661256533239627,0.00886674428022094,Lying,Lying
48,0.9795407746280853,0.003881587460858554,0.002018047989497641,0.0030315891080979107,0.002661256533239627,0.00886674428022094,Lying,Lying
49,0.9795407746280853,0.003881587460858554,0.002018047989497641,0.0030315891080979107,0.002661256533239627,0.00886674428022094,Lying,Lying
50,0.9795407746280853,0.003881587460858554,0.002018047989497641,0.0030315891080979107,0.002661256533239627,0.00886674428022094,Lying,Lying
51,0.9898825013488829,0.0019415969456006994,0.0014292789552062249,0.001490140713754156,0.001860431435050878,0.0033960506015051246,Lying,Lying
52,0.37066348734702237,0.06303857933347104,0.03174780071083127,0.02974329926075182,0.07329235022230422,0.4315144831256193,Lying,Sitting
53,0.006087369699823286,0.085461222642085,0.016357238641539033,0.0576188626291058,0.046936805113225274,0.7875385012742215,Wheeling,Sitting
54,0.0020532840260850784,0.94372070330349,0.0014903463566895284,0.002402098238621525,0.0012498726719260005,0.049083695403188014,Sitting,Sitting
55,0.0015888929424152797,0.7856163383136308,0.0025608430672819974,0.012535656739204107,0.005511176290978238,0.1921870926464896,Sitting,Sitting
56,0.0023158951866721765,0.8369591630725484,0.0020014513817266117,0.0031247424283983877,0.00476696359645916,0.1508317843341957,Sitting,Sitting
57,0.0019667259614673588,0.7599653093152566,0.0018382142829297355,0.005259954950456104,0.0028620287700119383,0.22810776671987792,Sitting,Sitting
58,0.001820829406591962,0.9756516346657604,0.0009945959027530256,0.0008572116356169634,0.0017245380082263652,0.01895119038105125,Sitting,Sitting
59,0.0016526802594515704,0.8997126968663071,0.0009801495660934918,0.003450339143051025,0.002307080644994671,0.09189705352010215,Sitting,Sitting
60,0.0016054595206818226,0.767752740802566,0.002040279207748239,0.005399578857436946,0.0006707304513436847,0.22253121116022342,Sitting,Sitting
61,0.0017158223755486467,0.9873504589615898,0.0010397655089907456,0.0005896749058056407,0.0007492391394833721,0.008555039108581927,Sitting,Sitting
62,0.0016280288308560438,0.9218655121146017,0.0009202393986602807,0.0024117826245242282,0.002941760860596641,0.0702326761707611,Sitting,Sitting
63,0.0018898554881986865,0.9908930252732598,0.0005304653683190422,0.00027121838585638004,0.0029501756620402106,0.003465259822326176,Sitting,Sitting
64,0.0018898554881986865,0.9908930252732598,0.0005304653683190422,0.00027121838585638004,0.0029501756620402106,0.003465259822326176,Sitting,Sitting
65,0.0016103664345238327,0.9516688894323888,0.001253778417129711,0.002388404801060923,0.0022334720245176876,0.04084508889037862,Sitting,Sitting
66,0.0015430170470639136,0.9279047083874556,0.00223741010410332,0.004529856987253915,0.002720905751510127,0.06106410172261334,Sitting,Sitting
67,0.0016705082840225412,0.9697651995959492,0.0016931181288684914,0.0019201565081670628,0.0027509383786009103,0.022200079104391902,Sitting,Sitting
68,0.0015559159021875605,0.8984510740808604,0.00089480626824677,0.004752119119043253,0.00175141239890125,0.09259467223076101,Sitting,Sitting
69,0.0016564221339029715,0.9688143089494327,0.0007423994434598169,0.001163164949322165,0.0026484524932842064,0.024975252030598014,Sitting,Sitting
70,0.001504439552126927,0.8823893267958864,0.0015563001184927575,0.004163568039112778,0.0011911963746390885,0.10919516911974193,Sitting,Sitting
71,0.0018180797239154233,0.9738580477408181,0.00055367212880948,0.0012677658223827423,0.0012955329421098294,0.021206901641964614,Sitting,Sitting
72,0.016506142571654992,0.11897936248045132,0.03207060473588622,0.12869077601574433,0.06452226109090432,0.6392308531053588,Wheeling,Sitting
73,0.0019049468727319037,0.990818934952029,0.0005380849975221212,0.00027891766406197197,0.002977182950451692,0.0034819325632027822,Sitting,Sitting
74,0.00031310605105179604,0.9716747439418844,0.0005518524817022567,0.0006659421179164881,0.0025345790541476394,0.024259776353297315,Sitting,Sitting
75,0.00031310605105179604,0.9716747439418844,0.0005518524817022567,0.0006659421179164881,0.0025345790541476394,0.024259776353297315,Sitting,Sitting
76,0.0019642806065233377,0.007945822445049633,0.04387493290480926,0.009284994887808769,0.9286205376469144,0.008309431508894445,Walking,Sitting
77,0.0026751349759032506,0.01770396853858774,0.11969632129558297,0.8150922655421142,0.03545694412200586,0.00937536552580599,Standing,Standing
78,0.002547073554937249,0.033676678724610644,0.06668886923215843,0.8529686688737288,0.032902330435391355,0.011216379179173683,Standing,Standing
79,0.002974258353278027,0.03580654862060272,0.04794449085349615,0.893696978427517,0.00920922499868187,0.010368498746424275,Standing,Standing
80,0.0031980741585990002,0.07279696272236057,0.05440445493774124,0.8290910479365887,0.022607752853262296,0.017901707391448092,Standing,Standing
81,0.0028362912118073016,0.046434611028047856,0.027100046610541325,0.8924976460762131,0.00846275968747565,0.022668645385914895,Standing,Standing
82,0.002185603344603723,0.05230649323002868,0.05778743750616747,0.8005205825474053,0.06903973683163127,0.01816014654016328,Standing,Standing
83,0.0027809626813385517,0.08541038005829364,0.05707362490705459,0.809216619682413,0.031570712269360264,0.013947700401539897,Standing,Standing
84,0.002488324457387841,0.02371123287647872,0.06010334656195914,0.84858483842553,0.058995068999436344,0.006117188679208505,Standing,Standing
85,0.007278088295496973,0.4072094892329624,0.0522087722553202,0.1368150121655039,0.002748755262391321,0.39373988278832517,Wheeling,Standing
86,0.002503298099501098,0.1098989849246005,0.02881002846623954,0.798038355531268,0.03647852086050125,0.024270812117889593,Standing,Standing
87,0.0027032851736180025,0.07728498530690457,0.04071996235666569,0.8183940868388055,0.036691060018756154,0.024206620305250358,Standing,Standing
88,0.002731608933739193,0.10867696349923484,0.04148470195614682,0.7648758815026196,0.04998099450332872,0.03224984960493084,Standing,Standing
89,0.0033186304203094152,0.12593471948270765,0.08178763718237494,0.7226055179785055,0.03913231865970994,0.02722117627639213,Standing,Standing
90,0.0025184756392932603,0.12230758608250303,0.043862685419227034,0.7585106675698041,0.04718775587714363,0.02561282941202896,Standing,Standing
91,0.005365830545561422,0.08028584802617868,0.08385073380671776,0.756558430664197,0.017505542889247338,0.05643361406809753,Standing,Standing
92,0.002972298159298824,0.07666990607245658,0.07034255764726906,0.7672234976025161,0.05421285533535771,0.028578885183101824,Standing,Standing
93,0.0041974667724290395,0.2678609621080647,0.09474733654206971,0.5389693940574766,0.034645342105437356,0.05957949841452253,Standing,Standing
94,0.0039059822810338465,0.17081528789509784,0.06862731081892844,0.6200092255875298,0.08592483881949493,0.050717354597914835,Standing,Standing
95,0.002584199429450123,0.08204185771679325,0.05275998369230798,0.7588160704272614,0.0820133563304598,0.02178453240372692,Standing,Standing
96,0.00427510653872031,0.17065507288717488,0.07380777859000355,0.6582388683472458,0.06496058396332471,0.028062589673530713,Standing,Standing
97,0.005956390551816959,0.22891875958780905,0.08294006326237603,0.5800832368544518,0.06020705070651544,0.04189449903703082,Standing,Standing
98,0.0038835963759891925,0.09020835652946506,0.051834789351365235,0.8059324201242274,0.01933801251565239,0.028802825103300615,Standing,Standing
99,0.003861095440896889,0.09609884812286908,0.05172921664953472,0.7274665163247825,0.061092776015224594,0.05975154744669241,Standing,Standing
100,0.0031751185297585987,0.1112750105760114,0.13122873379852174,0.661674325933926,0.051850582400865895,0.04079622876091656,Standing,Standing
101,0.00475532639583452,0.23102961818809237,0.12121924422462886,0.5550356336886377,0.03374532274703934,0.05421485475576684,Standing,Standing
102,0.0020126776900793292,0.24550470683700834,0.0014119658497620073,0.004119165312443075,0.002111489018515155,0.744839995292192,Wheeling,Wheeling
103,0.0016801287584389763,0.4361442785365346,0.02419376908109329,0.00926986999102504,0.4111693120259284,0.11754264160697975,Sitting,Wheeling
104,0.0035697237715142474,0.31268858842435554,0.01763357262973931,0.005839186046421373,0.3745342282442677,0.285734700883702,Sitting,Wheeling
105,0.001994706432008267,0.13105125430841388,0.004224195900087231,0.005649618118422213,0.00851500886731847,0.8485652163737499,Wheeling,Wheeling
106,0.002431631346677551,0.2995764402034754,0.0026094048780730948,0.005782497068707238,0.005015943585835568,0.684584082917231,Wheeling,Wheeling
107,0.0022358771793416048,0.2117427874991178,0.004161515663115238,0.00615168464401828,0.005695774334080036,0.7700123606803267,Wheeling,Wheeling
108,0.0038445234004638763,0.05424538998578543,0.005586249309593982,0.009711382402698733,0.022131799295935735,0.904480655605522,Wheeling,Wheeling
109,0.002519310705658179,0.06079069000229742,0.0031860118411730213,0.005596884850446255,0.010182231681989203,0.9177248709184358,Wheeling,Wheeling
110,0.0025459366460150287,0.04777976409172401,0.004270368967221516,0.00543702991145139,0.00850185975361506,0.9314650406299734,Wheeling,Wheeling
111,0.002548665863499358,0.07115804692622696,0.002900236360040047,0.006264395723437387,0.0025759843145468564,0.9145526708122494,Wheeling,Wheeling
112,0.0035069809520579392,0.03995495305223316,0.002654753349055592,0.003342033138772643,0.0020265529045309675,0.9485147266033493,Wheeling,Wheeling
113,0.0034563960295830912,0.03946259138487293,0.00462182047126493,0.004501014035624603,0.0021576347355562013,0.9458005433430985,Wheeling,Wheeling
114,0.003770698312225206,0.03834376517577695,0.009220192419445198,0.0051803154256141945,0.0037341576887991324,0.9397508709781393,Wheeling,Wheeling
115,0.0032946663489823525,0.18435129275509024,0.004143552158659628,0.0076242591958530885,0.0026597552206719557,0.7979264743207425,Wheeling,Wheeling
116,0.004482501946573764,0.17334554056683144,0.003259205689986873,0.005556581683412867,0.002880434743573106,0.810475735369622,Wheeling,Wheeling
117,0.0033840601429932266,0.03371791487855959,0.003116143283417121,0.004293597739233892,0.002394358984001736,0.9530939249717946,Wheeling,Wheeling
118,0.0032617290879681797,0.13502374093918332,0.0032012970975082316,0.005609929592502655,0.0019745694672683484,0.8509287338155691,Wheeling,Wheeling
119,0.0032511222979965033,0.18623978853318265,0.002926172947910222,0.005708795242611273,0.001995693564095619,0.7998784274142041,Wheeling,Wheeling
120,0.00353353410424365,0.04462163270542169,0.0027879543096197253,0.0036325125493279343,0.0016853174260876656,0.9437390489052992,Wheeling,Wheeling
121,0.003956028312119586,0.03148090876954028,0.003519675974927117,0.0036624249743366115,0.004574299842586975,0.9528066621264891,Wheeling,Wheeling
122,0.004096830895567056,0.0228595364410978,0.00369544304480004,0.002721141758384125,0.0017244458688411917,0.96490260199131,Wheeling,Wheeling
123,0.004779253767813829,0.30324220226635007,0.004300530021350455,0.002830530036515019,0.0007487457355681753,0.6840987381724025,Wheeling,Wheeling
124,0.004947038483214443,0.0393924837598044,0.00425076857125923,0.003936443744897035,0.0046876824689483345,0.9427855829718766,Wheeling,Wheeling
125,0.004403447069978477,0.010763243879258538,0.004650186617104868,0.0035044314807521127,0.0024626418352185044,0.9742160491176876,Wheeling,Wheeling
126,0.003901506430377169,0.021548656507763102,0.0023924878988570136,0.003291338901436197,0.002173370645170816,0.9666926396163953,Wheeling,Wheeling
127,0.003014776795938142,0.01838612820889308,0.005102666140948379,0.00462354321891444,0.0013012322073179593,0.9675716534279879,Wheeling,Wheeling
128,0.0028170720304542497,0.03480319639785593,0.00540828979853522,0.004347120434743689,0.00022070725227180967,0.952403614086139,Wheeling,Wheeling
129,0.0033768198079184735,0.172267090523183,0.0017514695811750645,0.005806036454955397,0.0014783958988662269,0.8153201877339021,Wheeling,Wheeling
130,0.003675245665119376,0.20226338833364352,0.0028689065321414963,0.006563091557122412,0.0009136043761323957,0.7837157635358404,Wheeling,Wheeling
131,0.005221791543775809,0.6419959643127435,0.002429247991673444,0.003565435649991538,0.0015714733899444562,0.3452160871118712,Sitting,Wheeling
132,0.0033818216609618943,0.47951732078547105,0.0018713575282323042,0.0028463178343981037,0.0013522863998053907,0.5110308957911308,Wheeling,Wheeling
133,0.002333732509054365,0.08512408931489755,0.0023532398123137306,0.006000629602994228,0.0019483777373930481,0.9022399310233472,Wheeling,Wheeling
134,0.0019793418759264953,0.015894566182318375,0.4188541413970717,0.10875228027252193,0.443564474003898,0.010955196268263195,Walking,Walking
135,0.001905274576991042,0.015149197411870811,0.2799878728412019,0.181558005361993,0.5141517929837732,0.007247856824169893,Walking,Walking
136,0.0011891724887211211,0.0004005206159588752,0.25822252730758066,0.008430471544135454,0.731511693211092,0.00024561483251213595,Walking,Walking
137,0.0015969414189846167,0.0039232766768589515,0.23155882992152035,0.015488603092225176,0.7433362582760601,0.004096090614350738,Walking,Walking
138,0.0019212877903458903,0.02580898742691906,0.15703131290651903,0.09414349100475711,0.7033063502985339,0.017788570572924624,Walking,Walking
139,0.0019546193725863375,0.024558472181354377,0.14635582013044432,0.08111916413391496,0.7313613043574143,0.014650619824285388,Walking,Walking
140,0.0018491628316807756,0.02742893402984469,0.14710826521364898,0.07331893839087489,0.7329097372632827,0.017384962270667947,Walking,Walking
141,0.0017096855324864955,0.014764902254090825,0.10188727204637124,0.025781389691644188,0.841016869087358,0.014839881388049508,Walking,Walking
142,0.0023260860114784477,0.031204538606737317,0.19754405287318574,0.11606541709320843,0.6379921193782476,0.014867786037141931,Walking,Walking
143,0.0018810077174703037,0.028451437172694393,0.1062020778552439,0.05106716534251425,0.7912780907530153,0.021120221159061633,Walking,Walking
144,0.0018039439480813015,0.014825188641353541,0.142586298262444,0.05757558282254576,0.7750150952424958,0.008193891083079507,Walking,Walking
145,0.001452138410864713,0.005336847852541043,0.14284999059676634,0.02601501297262734,0.8207895439299306,0.0035564662372699917,Walking,Walking
146,0.0016058273936561125,0.01649137876519889,0.12862151531698254,0.03806657924963624,0.8046992582628114,0.01051544101171455,Walking,Walking
147,0.0014470761807606296,0.002696770221249916,0.1613068940019162,0.011424952644054331,0.8209952323414835,0.002129074610535084,Walking,Walking
148,0.0023463561027961804,0.03146226709917554,0.09312775346755381,0.04960873239482514,0.8034346681775227,0.020020222758126777,Walking,Walking
149,0.0017557251027414135,0.009884260263008485,0.05074377499992336,0.007476933264164383,0.910702655505722,0.01943665086444084,Walking,Walking
150,0.0018710930979535516,0.016508614065092107,0.095903629186777,0.03715482716980827,0.8346827659827246,0.013879070497644037,Walking,Walking
151,0.0029756681206872565,0.0006915278699856242,0.9818381059203807,0.002477647535800314,0.011332015092322364,0.0006850354608236729,StairClimbing,Walking
152,0.0016008173378174713,0.004696595250323361,0.2183282232034704,0.05163049485084228,0.7208588108081712,0.0028850585493754768,Walking,Walking
153,0.0013513420621690398,0.006648950996745906,0.12421211718311649,0.02992601985010419,0.8334415430635237,0.004420026844340739,Walking,Walking
154,0.0015749849406781215,0.005357501798541432,0.2771834990575539,0.02526671846263936,0.6864189324246915,0.004198363315895619,Walking,Walking
155,0.0016541795424719822,0.005596570131795937,0.15011824260690457,0.013897476655391278,0.8242539252846213,0.004479605778814747,Walking,Walking
156,0.0012457081324293705,0.0016777506086930278,0.11425101175241795,0.009575972998370699,0.8723088410682461,0.0009407154398430148,Walking,Walking
157,0.0015207279489746115,0.004979461129799218,0.19359910335050645,0.016824907577535138,0.779711597581021,0.0033642024121633297,Walking,Walking
158,0.0010798146025810186,0.0016141932460304869,0.17103653278503242,0.018448020722146612,0.8071155164873466,0.0007059221568626626,Walking,Walking
159,0.0014933674391054046,0.00226866449350569,0.18737543206987256,0.03783977989551535,0.7696403259732904,0.0013824301287104683,Walking,Walking
160,0.0016951888597229047,0.012148949386072291,0.11214842571121739,0.027342287391157023,0.8378032047887253,0.008861943863105194,Walking,Walking
161,0.001471538883667195,0.007296712691826278,0.10169236626925732,0.031957675303150156,0.8535412201513409,0.00404048670075807,Walking,Walking
162,0.0015775532137737825,0.013472263124792092,0.0909784701748255,0.03229359175411018,0.853653939645249,0.008024182087249178,Walking,Walking
163,0.0015275325359025164,0.004665800766292053,0.22068426221540738,0.05629145427091623,0.7142568773324227,0.0025740728790592123,Walking,Walking
164,0.0014090383890112122,0.0010196948490908788,0.2183442049331857,0.010092281667388835,0.7684396939074869,0.0006950862538364975,Walking,Walking
165,0.0015579786341859048,0.00032435005120962015,0.04491998897052572,0.0005710854866680444,0.9524745211578457,0.00015207569956499425,Walking,Walking
166,0.001014426591128107,0.9026522470352188,0.0038620609138245283,0.007509810252058477,0.017771839505271173,0.06718961570249866,Sitting,Sitting
167,0.0023521541679878345,0.7923177406420422,0.02185488991484347,0.08020021446796075,0.055350774891386276,0.047924225915779176,Sitting,Sitting
168,0.0018354186863306409,0.7111666994233385,0.02576025045326278,0.20499863157443984,0.021907685618975607,0.03433131424365277,Sitting,Sitting
169,0.0014569184522093641,0.7271969970985426,0.01697340096283304,0.20894565928732528,0.020483822738523495,0.024943201460566312,Sitting,Sitting
170,0.002127937726427553,0.6637178087534703,0.01731056171249288,0.24636024417223268,0.028544347113473475,0.04193910052190314,Sitting,Sitting
171,0.0004960133293178654,0.943420483476211,0.014154805636574288,0.023743672689294622,0.005325154796888403,0.01285987007171424,Sitting,Sitting
172,0.0003923213740817721,0.8643486876137555,0.007673679559284614,0.042020493808427185,0.005945020008342177,0.07961979763610881,Sitting,Sitting
173,0.0006362584671175536,0.9149014097577056,0.011206930825230606,0.03430147085970394,0.015271745281317046,0.023682184808925144,Sitting,Sitting
174,0.0008345466348675098,0.9334542946903264,0.010912573737220682,0.03253493987519786,0.005620248494497525,0.016643396567889837,Sitting,Sitting
175,0.0009853280473994836,0.923308119058081,0.007242255210985773,0.04255184711308231,0.008611797339159505,0.017300653231292273,Sitting,Sitting
176,0.0006797838694247384,0.9493468475967876,0.011588947145394967,0.022274601776263253,0.006236007611901598,0.009873812000227893,Sitting,Sitting
177,0.0015088616372086856,0.9673213946507937,0.006440748579476565,0.014318435425987212,0.0022905336983624004,0.00812002600817134,Sitting,Sitting
178,0.0004101667236204037,0.9409795817520886,0.0016770550728502165,0.009907022477768156,0.007565658720768329,0.03946051525290437,Sitting,Sitting
179,0.0004101667236204037,0.9409795817520886,0.0016770550728502165,0.009907022477768156,0.007565658720768329,0.03946051525290437,Sitting,Sitting
180,0.0004101667236204037,0.9409795817520886,0.0016770550728502165,0.009907022477768156,0.007565658720768329,0.03946051525290437,Sitting,Sitting
181,0.0004101667236204037,0.9409795817520886,0.0016770550728502165,0.009907022477768156,0.007565658720768329,0.03946051525290437,Sitting,Sitting
182,0.0004101667236204037,0.9409795817520886,0.0016770550728502165,0.009907022477768156,0.007565658720768329,0.03946051525290437,Sitting,Sitting
183,0.0004101667236204037,0.9409795817520886,0.0016770550728502165,0.009907022477768156,0.007565658720768329,0.03946051525290437,Sitting,Sitting
184,0.0004101667236204037,0.9409795817520886,0.0016770550728502165,0.009907022477768156,0.007565658720768329,0.03946051525290437,Sitting,Sitting
185,0.00033566775522183575,0.9639543001129237,0.0014167236083964805,0.010188382033321277,0.006056857856294918,0.018048068633841435,Sitting,Sitting
186,0.00033566775522183575,0.9639543001129237,0.0014167236083964805,0.010188382033321277,0.006056857856294918,0.018048068633841435,Sitting,Sitting
187,0.0006381145316575727,0.8470982639185296,0.01140612443828023,0.0914846754719879,0.009446544254745302,0.03992627738479949,Sitting,Sitting
188,0.000329759837872363,0.9561917791685781,0.004607089487547505,0.013190700775695187,0.012081625970558804,0.01359904475974789,Sitting,Sitting
189,0.00039622062951138304,0.9381619830410061,0.005972737196446443,0.02542322092149505,0.01081342880479703,0.01923240940674437,Sitting,Sitting
190,0.0006425314841749103,0.9386715632567072,0.008858804636623937,0.03939757608564912,0.0025870462439897116,0.009842478292854888,Sitting,Sitting
191,0.0006408031860513423,0.9391263232863941,0.009253361560711838,0.03659483986260298,0.005371925090313138,0.009012747013926629,Sitting,Sitting
192,0.0002656922856023636,0.9454908998328944,0.003784613633375675,0.013247712063776293,0.008084072261466154,0.029127009922884875,Sitting,Sitting
193,0.0002475927408787314,0.9816476453218491,0.0017930245681002826,0.003422062224784259,0.0024135766246903413,0.010476098519697165,Sitting,Sitting
194,0.0005356568648627313,0.9743037799900944,0.003956923652871712,0.007177368313624314,0.008170825979008811,0.00585544519953819,Sitting,Sitting
195,0.0007207752124402894,0.9063998755583264,0.007668074346472555,0.05887036029116116,0.015940855904838937,0.010400058686760682,Sitting,Sitting
196,0.0003522448088920937,0.9355099016444796,0.006981137234973326,0.03029420527403212,0.009005573030798785,0.017856938006824148,Sitting,Sitting
197,0.00030500164275461164,0.9709535021124251,0.002563906584454837,0.005281009115840563,0.005275695877113228,0.015620884667411707,Sitting,Sitting
198,0.0005078495118240083,0.9007353599267728,0.013933963979483351,0.04624680683589771,0.012509544947532467,0.0260664747984896,Sitting,Sitting
199,0.0005785791748833144,0.946980770165299,0.006401841983400273,0.028564192570877514,0.008424535952950502,0.009050080152589344,Sitting,Sitting
200,0.014381291411850836,0.22062399976514696,0.0779819288763896,0.15853336454316783,0.4684721426774005,0.06000727272604395,Walking,Wheeling
201,0.0007233461045081657,0.8672078041691347,0.0044162153630348325,0.003870611760638295,0.009670989560803067,0.11411103304188096,Sitting,Wheeling
202,0.0013622101151644069,0.5011852696489936,0.008448418750696554,0.02956080448421127,0.00494989722482719,0.45449339977610687,Wheeling,Wheeling
203,0.0013519282989840765,0.14834007234240087,0.009222190346388751,0.01634615803245818,0.014848670365677165,0.809890980614091,Wheeling,Wheeling
204,0.001539284910116074,0.3399111792108191,0.00483013072862214,0.008001567348128276,0.010446126061553438,0.6352717117407608,Wheeling,Wheeling
205,0.0013283404738680142,0.09698680568163139,0.0055267967467726355,0.004599175029396181,0.008507686945634776,0.8830511951226969,Wheeling,Wheeling
206,0.00114345908092707,0.15125676241946986,0.0051505798053697585,0.009897303716277096,0.007818313453325981,0.8247335815246304,Wheeling,Wheeling
207,0.0014874954095373692,0.38307782206930807,0.005688419414042562,0.007689327160219954,0.0034763060133363726,0.5985806299335554,Wheeling,Wheeling
208,0.0015550294723945587,0.24593048698791523,0.005074655495322411,0.004608127108930861,0.004499928021688598,0.7383317729137484,Wheeling,Wheeling
209,0.0009375330289019246,0.030947947604143607,0.007812602830253068,0.005870899780771303,0.002534005982983222,0.951897010772947,Wheeling,Wheeling
210,0.0011896091993611395,0.15899853760973862,0.003790634126525986,0.0047481443427301075,0.005259191562484854,0.8260138831591595,Wheeling,Wheeling
211,0.0012942218061704305,0.09433889533441003,0.004833043716910082,0.00592138000987319,0.009133510751337687,0.8844789483812988,Wheeling,Wheeling
212,0.001303035813200946,0.0557502894713999,0.006097269280643333,0.00623797492605999,0.00974332956859319,0.9208681009401029,Wheeling,Wheeling
213,0.0012511938210724184,0.07104022519995479,0.005198877466205648,0.0048944548396062165,0.009399632697175005,0.9082156159759862,Wheeling,Wheeling
214,0.0013628269406971555,0.066650111167231,0.006496898270246918,0.004857457833929467,0.009178001622894224,0.9114547041650016,Wheeling,Wheeling
215,0.0013041235519008912,0.08599185837419467,0.004240163846315626,0.00433315799036503,0.006972804154424617,0.8971578920827992,Wheeling,Wheeling
216,0.001255368818335067,0.18299250309588458,0.004803520292918289,0.006258701694410065,0.006577350832745035,0.7981125552657069,Wheeling,Wheeling
217,0.0019482968227796365,0.08462551853659715,0.004605514198803953,0.006329520034312307,0.0045337365558271,0.8979574138516794,Wheeling,Wheeling
218,0.0012053171856543099,0.19661484455960904,0.003434753211391884,0.005444012949404222,0.004895137750338095,0.7884059343436027,Wheeling,Wheeling
219,0.0014765578924849903,0.3689728727401671,0.004135881995241352,0.006966739171100317,0.006943155698311025,0.6115047925026948,Wheeling,Wheeling
220,0.0016474869752850399,0.19627487729204857,0.00291483225391147,0.004680950810973689,0.005373801973530035,0.7891080506942507,Wheeling,Wheeling
221,0.0011977545737482634,0.14343866785460238,0.00633174233067247,0.01139212223077349,0.009474907073444179,0.8281648059367591,Wheeling,Wheeling
222,0.0010335906664289414,0.1877777646448053,0.0021775500097593915,0.004182271807374794,0.002537616925853094,0.8022912059457781,Wheeling,Wheeling
223,0.0010958998938594426,0.0514513814318292,0.003355253998009476,0.0036859050975038966,0.004471555328246625,0.9359400042505515,Wheeling,Wheeling
224,0.001640299240545559,0.11941719884962829,0.003369183283664639,0.003229359474472307,0.006214781769918693,0.866129177381771,Wheeling,Wheeling
225,0.0012690899921355076,0.016695554871011268,0.002031472833033435,0.001992900880949285,0.0027715184207120712,0.9752394630021582,Wheeling,Wheeling
226,0.0014957874997069036,0.04832679764894068,0.0020819371843142117,0.001893528468138394,0.0017098445006975074,0.9444921046982023,Wheeling,Wheeling
227,0.001966377477739524,0.35344553197925277,0.002626699134951128,0.0038676646238182187,0.0022887961990482536,0.6358049305851899,Wheeling,Wheeling
228,0.0010428171882143975,0.10971366155827551,0.0025186540860239843,0.004102513776125524,0.0022472491475717467,0.8803751042437887,Wheeling,Wheeling
229,0.0015898349930960226,0.3938908690972482,0.0028284944861628513,0.0036429058060305827,0.002541962582983724,0.5955059330344787,Wheeling,Wheeling
230,0.0010635422382326933,0.1647621003648648,0.0016437254427495163,0.0036287705699995553,0.002166078817101525,0.8267357825670518,Wheeling,Wheeling
231,0.002527978421638984,0.5255390530123356,0.0014213612194390322,0.0026930247175123894,0.0029494188928083035,0.46486916373626574,Wheeling,Wheeling
232,0.0013638579261984315,0.5890410042178905,0.001300084037214486,0.002928933215082583,0.0016506632043797277,0.4037154573992345,Sitting,Wheeling
233,0.0014113360566872263,0.19279167623281127,0.0012490261861793526,0.0031590195853263827,0.002324153402394033,0.7990647885366021,Wheeling,Wheeling
234,0.0011655467032337429,0.18570118090749382,0.0013184896172043442,0.0034152732805552343,0.0021519606677228883,0.80624754882379,Wheeling,Wheeling
235,0.0015084055350998349,0.018311938316606224,0.0072619227262361655,0.0033966221310715505,0.006650338941069085,0.9628707723499169,Wheeling,Wheeling
236,0.0010433916809003349,0.10280480355421158,0.001994343892615,0.0027159051990863943,0.0021050996997512414,0.8893364559734356,Wheeling,Wheeling
237,0.0008905573529042249,0.08866377508942389,0.0015971071487502443,0.0034403942550942403,0.0019117255628330481,0.9034964405909938,Wheeling,Wheeling
238,0.0014970909653137827,0.5255629970633454,0.0018980178380576525,0.0013412179137618837,0.0004895692485620192,0.46921110697095936,Wheeling,Wheeling
239,0.0016692792134618973,0.21152697517383529,0.0018322739107088763,0.002576240722132522,0.003196203540348222,0.7791990274395131,Wheeling,Wheeling
240,0.9429599496837213,0.023477252094901323,0.005398921265433611,0.0027285655673676993,0.010605373680186951,0.01482993770838943,Lying,Lying
241,0.980421713613248,0.002153117467491697,0.002352366785482258,0.003602914865471913,0.0024709568591461425,0.00899893040915971,Lying,Lying
242,0.9869989333882617,0.0024937491797859036,0.0019087606838942002,0.00233921592703918,0.0010240965355281756,0.005235244285490633,Lying,Lying
243,0.9767955657646871,0.0058035693975618105,0.002141224727849522,0.003078739552544351,0.0023396864894374156,0.009841214067919763,Lying,Lying
244,0.9826450345156552,0.003382363837286967,0.0020874878252659917,0.0029059076111683725,0.001804660145921683,0.0071745460647018545,Lying,Lying
245,0.9807871553735977,0.0036273125281068115,0.002062348202451902,0.0030459141963945337,0.0022350784674464693,0.00824219123200261,Lying,Lying
246,0.9822463406523918,0.0030519069567021564,0.0020359645327211406,0.0029895175295126595,0.002205035043123643,0.007471235285548605,Lying,Lying
247,0.9693313148914027,0.011170763672342087,0.002306630101265073,0.003333668448991011,0.002934288958389602,0.01092333392760955,Lying,Lying
248,0.9693313148914027,0.011170763672342087,0.002306630101265073,0.003333668448991011,0.002934288958389602,0.01092333392760955,Lying,Lying
249,0.9693313148914027,0.011170763672342087,0.002306630101265073,0.003333668448991011,0.002934288958389602,0.01092333392760955,Lying,Lying
250,0.9693313148914027,0.011170763672342087,0.002306630101265073,0.003333668448991011,0.002934288958389602,0.01092333392760955,Lying,Lying
251,0.9693313148914027,0.011170763672342087,0.002306630101265073,0.003333668448991011,0.002934288958389602,0.01092333392760955,Lying,Lying
252,0.9693313148914027,0.011170763672342087,0.002306630101265073,0.003333668448991011,0.002934288958389602,0.01092333392760955,Lying,Lying
253,0.9693313148914027,0.011170763672342087,0.002306630101265073,0.003333668448991011,0.002934288958389602,0.01092333392760955,Lying,Lying
254,0.9693313148914027,0.011170763672342087,0.002306630101265073,0.003333668448991011,0.002934288958389602,0.01092333392760955,Lying,Lying
255,0.9693313148914027,0.011170763672342087,0.002306630101265073,0.003333668448991011,0.002934288958389602,0.01092333392760955,Lying,Lying
256,0.9693313148914027,0.011170763672342087,0.002306630101265073,0.003333668448991011,0.002934288958389602,0.01092333392760955,Lying,Lying
257,0.9693313148914027,0.011170763672342087,0.002306630101265073,0.003333668448991011,0.002934288958389602,0.01092333392760955,Lying,Lying
258,0.9693313148914027,0.011170763672342087,0.002306630101265073,0.003333668448991011,0.002934288958389602,0.01092333392760955,Lying,Lying
259,0.9729693625219159,0.010350699974357253,0.0018920492690829033,0.002726687842664522,0.0022104486511949854,0.009850751740784404,Lying,Lying
260,0.9729693625219159,0.010350699974357253,0.0018920492690829033,0.002726687842664522,0.0022104486511949854,0.009850751740784404,Lying,Lying
261,0.002121482354323776,0.0010432501960952905,0.6212412322725652,0.01733784277654526,0.35752004590270714,0.0007361464977632997,StairClimbing,Standing
262,0.0022765344049754848,0.013137741064271784,0.08979192623695162,0.8655556450856408,0.025897900385260995,0.0033402528228993495,Standing,Standing
263,0.0020484191403869695,0.019110271721570482,0.1513525763466894,0.7828636128173662,0.040436537976645995,0.004188581997341198,Standing,Standing
264,0.0023324348064094266,0.036893728379905136,0.06289729266832969,0.8303805056540242,0.05818293246732084,0.00931310602401042,Standing,Standing
265,0.0026824253625725237,0.06194120839493195,0.049423820731900166,0.85453211286988,0.020488346034147287,0.010932086606568263,Standing,Standing
266,0.0024153115971932496,0.04125590071853449,0.08286721490563412,0.8493573001174223,0.01628872943139775,0.007815543229817989,Standing,Standing
267,0.0026594352320014228,0.052711194475521236,0.068230256502874,0.8419411802294292,0.021397568829638624,0.013060364730534877,Standing,Standing
268,0.0024818519041951165,0.015982356592031857,0.05249646218107615,0.8018616620584548,0.1167412737541159,0.01043639351012653,Standing,Standing
269,0.002893295585469963,0.044333503586189225,0.04709275724158933,0.7749929997864378,0.10798197143566914,0.022705472364644295,Standing,Standing
270,0.0023398511786431107,0.0652829192743687,0.0560682640809992,0.7837917160356426,0.07638873116458987,0.01612851826575605,Standing,Standing
271,0.002382991333636755,0.037000293216028,0.07228695693811048,0.864328194065634,0.017792755391319637,0.006208809055271371,Standing,Standing
272,0.0023925806473437043,0.022562883889515335,0.02280051883676162,0.9242928910113272,0.01620163425367594,0.01174949136137676,Standing,Standing
273,0.0023496517312075462,0.03161498627679754,0.061549172109347156,0.8762309468673344,0.02294957752557133,0.005305665489741934,Standing,Standing
274,0.002185662195441769,0.01469904754635557,0.0371510756406512,0.923838059705684,0.016961735361262963,0.005164419550604923,Standing,Standing
275,0.0021787759712637495,0.01611506312384329,0.02086535279978847,0.9513012380355407,0.005904954218721554,0.0036346158508423335,Standing,Standing
276,0.0027863633961828366,0.03648063928080336,0.07539027785543614,0.8146804134737611,0.06593956269745704,0.0047227432963594385,Standing,Standing
277,0.0015763550623417004,0.0030573212868831596,0.054577915718109084,0.0062536554709640545,0.9297743851161063,0.0047603673455959535,Walking,Walking
278,0.0018857180081082849,0.021712402366191694,0.14061351264067848,0.040878865327494074,0.781601816511014,0.013307685146513428,Walking,Walking
