,0,1,2,3,4,5,modelStates,target
0,0.9431684498218832,0.02163293757620705,0.004158112518731531,0.006553890294859007,0.0048708900568519556,0.019615719731467335,Lying,Lying
1,0.9582978924358698,0.01281208645635622,0.003097499787314497,0.004758926092472869,0.003351943434182547,0.01768165179380387,Lying,Lying
2,0.9681240505894754,0.008067125950250385,0.003086020467304323,0.0043474392569822565,0.003105694286680217,0.01326966944930777,Lying,Lying
3,0.9802324037387345,0.006852238933994699,0.0018645142818637743,0.002687958177961678,0.001766626114961538,0.006596258752483393,Lying,Lying
4,0.9749899219118383,0.010247710511206043,0.0023202946400675325,0.0035074566840194374,0.0021711504338414937,0.006763465819027341,Lying,Lying
5,0.9672444488727813,0.012608553894557303,0.0026656822477548227,0.0038300116474712783,0.0025501219560470747,0.011101181381387985,Lying,Lying
6,0.9622593322216864,0.015382059323821648,0.0030760403712255567,0.004456210542342474,0.0030039262168905225,0.011822431324033695,Lying,Lying
7,0.9719870390720668,0.0090359587456973,0.0030048182121373336,0.0034500555019410925,0.0017848194790218315,0.01073730898913556,Lying,Lying
8,0.96759855804744,0.014638048443665352,0.002464913251866513,0.0037891288912758974,0.0023400761118266417,0.009169275253925104,Lying,Lying
9,0.9453477882299179,0.018471042432469754,0.004101078687630148,0.005748345827240795,0.004034389743184556,0.0222973550795566,Lying,Lying
10,0.9563250874253089,0.014381003484690182,0.003719713916980831,0.00487675876345317,0.003019297698541743,0.017678138711025502,Lying,Lying
11,0.9770941061231343,0.006920410214181297,0.0024769124322706034,0.003018026223771234,0.0015720136188910017,0.008918531387752079,Lying,Lying
12,0.9666010357516004,0.013761631041492384,0.0029901125797837137,0.004660219728293829,0.003018159555836258,0.008968841342993675,Lying,Lying
13,0.9526014694875301,0.018727690942444575,0.0035505633844402974,0.005564180944621883,0.003952232085194054,0.015603863155768826,Lying,Lying
14,0.9716845259487488,0.009949704588299869,0.0032537056420828044,0.004348110718329037,0.0026836507507831853,0.008080302351756429,Lying,Lying
15,0.958785624580268,0.014604364366517589,0.0035220765822541857,0.004929048053633218,0.0033286955520319132,0.014830190865295486,Lying,Lying
16,0.9697306441071301,0.007662362170763176,0.003033668273739294,0.00444580875999192,0.003038397164919517,0.01208911952345587,Lying,Lying
17,0.0012710505403904953,0.009348295258034779,0.012548837081376768,0.09009471697808145,0.049486731213707086,0.8372503689284094,Wheeling,Sitting
18,0.0013953120873135274,0.028516419668541362,0.005027586923459175,0.0870431625659499,0.009437250395531404,0.8685802683592048,Wheeling,Sitting
19,0.0017258508809662558,0.00632469860302457,0.016574638714705613,0.060269585211538926,0.045988329355319546,0.8691168972344456,Wheeling,Sitting
20,0.0037593496949352647,0.027727285140111718,0.025953176427969217,0.0321012998461678,0.0732314416357212,0.8372274472550947,Wheeling,Sitting
21,0.0017797116951501128,0.17487726006278315,0.004916442007640852,0.006869460605064122,0.010219421348202837,0.8013377042811592,Wheeling,Sitting
22,0.01805156703235746,0.16660314454746444,0.06420848236162782,0.3559370113815401,0.13236247378587504,0.2628373208911351,Sitting,Sitting
23,0.0038846592353815644,0.07802807354128344,0.010013947936652572,0.1516251906356693,0.023520691061401873,0.7329274375896113,Wheeling,Sitting
24,0.0013280838028784932,0.22165912287533937,0.005412428161570447,0.06073152747518927,0.009542080994154219,0.7013267566908683,Wheeling,Sitting
25,0.003207534913564972,0.7875878335850733,0.018749544655363097,0.04232798308271293,0.016751837842269586,0.13137526592101587,Sitting,Sitting
26,0.001648242551243542,0.2831932221816211,0.007290230676161638,0.04119307647393513,0.00940591070229326,0.6572693174147454,Wheeling,Sitting
27,0.005488298764443126,0.5888946221703001,0.04676795889643802,0.08951169455293266,0.053297393675329964,0.2160400319405561,Sitting,Sitting
28,0.0018069523050546253,0.4024055296509017,0.0028586761641595645,0.0056966119257801495,0.007524686814357147,0.5797075431397464,Wheeling,Sitting
29,0.0020417458269758005,0.526561202190225,0.0036184961152457775,0.0046045361124940785,0.007326618150423168,0.4558474016046362,Wheeling,Sitting
30,0.0018521549901405086,0.41686815368000707,0.0010405315905299565,0.0021455832432745146,0.0018232882408713515,0.5762702882551769,Wheeling,Sitting
31,0.0017860257679076822,0.5309119375263348,0.0038424093230948688,0.0079228828910289,0.004924734455438232,0.4506120100361953,Wheeling,Sitting
32,0.001545131209325287,0.33118915545525046,0.005475336460361592,0.01685759924912517,0.012780615668163312,0.6321521619577744,Wheeling,Sitting
33,0.002495123421907749,0.7157943558440631,0.01075702476695598,0.020316223578612097,0.012821676737831106,0.23781559565063,Sitting,Sitting
34,0.0028055080814665765,0.4415630127366909,0.014135403577434265,0.10251737323884309,0.0195387468434779,0.41943995552208757,Wheeling,Sitting
35,0.002501443424141475,0.42445208035014137,0.011630096616145186,0.11968414043992963,0.016042620704536926,0.42568961846510517,Wheeling,Sitting
36,0.010128215555607459,0.7065938631666843,0.03897138952139384,0.13130618463264812,0.041868070662749335,0.07113227646091701,Sitting,Sitting
37,0.0040169023779708605,0.005992639110637057,0.0723177626033301,0.17448808066517396,0.3148067719224077,0.42837784332048007,Wheeling,Sitting
38,0.0022223960747389973,0.009815242332554522,0.2896127820355998,0.05972991612115413,0.6274142194020629,0.011205444033889614,Walking,Standing
39,0.0018019041391693449,0.000309867283882113,0.8457613139454555,0.004611886510974667,0.14697270305376753,0.0005423250667512235,StairClimbing,Standing
40,0.0050732966160816515,0.005007647678080504,0.40577276651629507,0.46524117120260405,0.11286678655747107,0.0060383314294677705,StairClimbing,Standing
41,0.002287250912284235,0.00894062927555031,0.05156857924344798,0.8984117327873977,0.030484901596656677,0.008306906184663223,Standing,Standing
42,0.0019447142194395355,0.004802928624724556,0.04258992952150278,0.8939645306964319,0.04129578374776671,0.015402113190134714,Standing,Standing
43,0.001982606993187944,0.005126948333746129,0.025100654800528546,0.9151621621696715,0.0386939412003828,0.0139336865024832,Standing,Standing
44,0.0020649357351000186,0.012810519167345331,0.027539801940613624,0.9127365283232052,0.029487546122121948,0.0153606687116137,Standing,Standing
45,0.001963108434891067,0.014770841545962119,0.03567266459959132,0.9088061509831656,0.022229423701735283,0.016557810734654375,Standing,Standing
46,0.0023061332324300935,0.017802138648192075,0.04045791209548726,0.8975913053156438,0.023026030419116064,0.018816480289130934,Standing,Standing
47,0.001913109946162411,0.006229179107967197,0.04846056695674874,0.914540213236853,0.023811870119896824,0.005045060632371743,Standing,Standing
48,0.0019247821971028246,0.007441008951010316,0.03199464319999813,0.9122029536213379,0.0315644199441452,0.014872192086405792,Standing,Standing
49,0.002766343623840354,0.04955149117744687,0.0469703914278413,0.8509068639106899,0.03127059179613987,0.018534318064041537,Standing,Standing
50,0.0020235332748743872,0.008758986393534073,0.02767064807380288,0.9020846839206057,0.02825224601778321,0.031209902319399775,Standing,Standing
51,0.0025382613556525885,0.027916233996419043,0.024598020892832806,0.8453360224557103,0.032649726968660156,0.06696173433072551,Standing,Standing
52,0.003059933597438882,0.11060683917142762,0.0273770496627097,0.7649676306776532,0.03290102382070825,0.06108752307006223,Standing,Standing
53,0.002890340938359248,0.03263012463539254,0.026174413391168393,0.7897919600542658,0.041530338423845334,0.10698282255696848,Standing,Standing
54,0.002785986618386426,0.052226110102771076,0.02438987561441133,0.7501415460549976,0.03305247968956421,0.13740400191986948,Standing,Standing
55,0.0025549058914204072,0.03907542101917081,0.02914669669822325,0.8047380295643091,0.03311097913976336,0.09137396768711342,Standing,Standing
56,0.0025356958073552024,0.0283662852942725,0.026043124626368565,0.8626987701980587,0.030555536644748433,0.04980058742919637,Standing,Standing
57,0.002811025225656247,0.05273449309436809,0.03616204876201069,0.861259783863082,0.0259677714209193,0.021064877633963353,Standing,Standing
58,0.0024947737465471492,0.042905256539074677,0.029276505230879324,0.8296682508950372,0.035362353985635496,0.060292859602826425,Standing,Standing
59,0.0026737727657716506,0.045100067933837036,0.0298807747022009,0.8642060500962048,0.029145172645012648,0.028994161856973198,Standing,Standing
60,0.007696996230956787,0.015197276529536011,0.0600753567213249,0.7810770256648155,0.04453261252425254,0.09142073232911421,Standing,Standing
61,0.0027041719155689575,0.00878864476278084,0.06349576230933693,0.8503229532609701,0.06351370728728149,0.011174760464061958,Standing,Standing
62,0.002102460429406579,0.012800035141740641,0.0420717601284931,0.8586373466508909,0.05390828601174425,0.030480111637724263,Standing,Standing
63,0.0017573201567134915,0.0021253530065949364,0.13700950088089964,0.7450046059878986,0.10862221599193853,0.005481003975955089,Standing,Standing
64,0.0036984635905426277,0.004066704618189023,0.8809755988598419,0.1037163867821889,0.007437172755155729,0.00010567339408198489,StairClimbing,Standing
65,0.0019426772249964157,0.005749122939372106,0.24460392366800296,0.5412135119237967,0.1916316779177467,0.014859086326084885,Standing,Standing
66,0.0012017273374483818,0.0007980708771525597,0.19471212818865175,0.04592651106390291,0.7529531897571901,0.004408372775654182,Walking,Standing
67,0.0012096389261613395,0.0009869348955825394,0.10760310956219442,0.01386462268956698,0.8743037938183503,0.0020319001081441526,Walking,Standing
68,0.001457927171150133,0.0017046854000091808,0.20344875799177442,0.07033964736359523,0.7222094756436945,0.0008395064297764219,Walking,Standing
69,0.0020441928864871613,0.0007161938018544861,0.7883109517086947,0.025513183309935825,0.18282304967111793,0.0005924286219101517,StairClimbing,Standing
70,0.0014841925713226663,0.001609055182683136,0.5035877048855656,0.04516495323923564,0.4466600533322975,0.001494040788895416,StairClimbing,Standing
71,0.0028238535220134913,0.0011268518371265733,0.9075330552189658,0.05971089690868268,0.027293519805606622,0.0015118227076050495,StairClimbing,Standing
72,0.0012407030477403522,0.0010215115465308279,0.11428147311091781,0.013309346594759727,0.8653347727129209,0.00481219298713021,Walking,Standing
73,0.0019343500443490692,0.19760640824815007,0.0012435586865534086,0.0018987548051928808,0.0012269667998488572,0.7960899614159056,Wheeling,Wheeling
74,0.0035806287831406268,0.1148987180506082,0.03753998411944316,0.3433393501403754,0.12694312771126456,0.3736981911951678,Standing,Wheeling
75,0.005857595419029009,0.04382169455726897,0.17848702955655701,0.31494272160509745,0.40232378895047427,0.054567169911573565,Walking,Wheeling
76,0.00247288172664239,0.13835424313975656,0.0029352704570696046,0.0012554188595489018,0.003332561306482554,0.8516496245105,Wheeling,Wheeling
77,0.0016330651102215382,0.3674886287155782,0.0016875203290134353,0.001462433467156317,0.0014718227560258756,0.6262565296220045,Wheeling,Wheeling
78,0.0022199228678165222,0.4148595863210906,0.0008025104084716634,0.00038479874216773585,0.0004705666553863025,0.5812626150050674,Wheeling,Wheeling
79,0.0021868577573648106,0.29229512737033836,0.0011093553282806223,0.0004885060448706802,0.0006219408862764412,0.703298212612869,Wheeling,Wheeling
80,0.0015227515338349356,0.23929763141832175,0.0030589220195578384,0.003211212193656672,0.0025508398589004066,0.7503586429757284,Wheeling,Wheeling
81,0.0017828883278875717,0.34346931878117615,0.0010173231481531428,0.0012125880357516966,0.0005742151901694606,0.651943666516862,Wheeling,Wheeling
82,0.003959291279971924,0.3669041385549034,0.0008629427867316385,0.0007317761151108295,0.0005505914659227975,0.6269912597973593,Wheeling,Wheeling
83,0.003678265243916192,0.4729514260980479,0.001109520530676324,0.0008026597526502552,0.0005188731545749017,0.5209392552201345,Wheeling,Wheeling
84,0.002127004680706276,0.3631043074837253,0.0017998215310359646,0.0008339807623855299,0.0009736131299360853,0.6311612724122109,Wheeling,Wheeling
85,0.0017107642143143805,0.4887456152685913,0.0015463118025637083,0.0017517073963260786,0.0014780309439589123,0.5047675703742454,Wheeling,Wheeling
86,0.0016344926314044595,0.315614990405133,0.002015246748474057,0.0012435604929745129,0.0010401846339251931,0.6784515250880885,Wheeling,Wheeling
87,0.002771710717445199,0.20518564879152837,0.0008630369429274838,0.000471943159017299,0.0006523034228789518,0.7900553569662029,Wheeling,Wheeling
88,0.0027392411329680874,0.20318415232493162,0.0006733475623443099,0.00036304530717191566,0.00034021338887109886,0.7927000002837131,Wheeling,Wheeling
89,0.0018016192486462127,0.45062493277165855,0.0009649633086379613,0.0009457033737214752,0.0005367082001676813,0.5451260730971682,Wheeling,Wheeling
90,0.0022429546213599883,0.443721813344397,0.0004361815246268162,0.0003038753880515841,0.00020451424119712278,0.5530906608803675,Wheeling,Wheeling
91,0.001654699715879514,0.2731538264544072,0.0021101034427349554,0.002488853000349359,0.0013154589933565826,0.7192770583932724,Wheeling,Wheeling
92,0.002090098301112814,0.15787065608970696,0.0015694546842202914,0.0015604102632658932,0.001712170672259772,0.8351972099894341,Wheeling,Wheeling
93,0.0018142679466224177,0.36555163639226645,0.0019529354545877898,0.0020191557609992895,0.002536342060641606,0.6261256623848822,Wheeling,Wheeling
94,0.0027712368077779646,0.45866151647961334,0.0011303868608334453,0.00039741705093331383,0.0005676875442499332,0.5364717552565919,Wheeling,Wheeling
95,0.002438845768459282,0.3991157874455059,0.0008454388251505564,0.00051471294866228,0.0005245295276769141,0.5965606854845451,Wheeling,Wheeling
96,0.002482160848373113,0.21453424908522536,0.0008161848357238554,0.00039322258275392187,0.0007278298605840741,0.7810463527873396,Wheeling,Wheeling
97,0.0023329000102053883,0.3061420454833799,0.0011885803914003011,0.0004953095078953865,0.0006504840724105139,0.6891906805347087,Wheeling,Wheeling
98,0.0023159412453834785,0.20723677050007128,0.0015523048745556063,0.0008238406736114606,0.00128978526974248,0.7867813574366356,Wheeling,Wheeling
99,0.0016046638021712594,0.1718258473106138,0.006353071276571979,0.019863512491833213,0.007837931422338427,0.7925149736964715,Wheeling,Wheeling
100,0.0027791052178949395,0.17985175268902245,0.0004728838317756942,0.00036596011167269927,0.0002664088355020933,0.8162638893141319,Wheeling,Wheeling
101,0.0028396481336028187,0.27817987845609893,0.0007959662712504117,0.0004109681142471965,0.0005664659682997465,0.7172070730565007,Wheeling,Wheeling
102,0.0021005987048489535,0.2646710246249031,0.0007927573711953412,0.0006058824729078285,0.00048097906624735784,0.7313487577598975,Wheeling,Wheeling
103,0.0018772937117663778,0.41102583172248375,0.0019364560801923196,0.001207102479390414,0.0018836244377034835,0.5820696915684639,Wheeling,Wheeling
104,0.0020010582349388457,0.28277761096333287,0.001374853829266297,0.0009184439170889559,0.0011189374064705035,0.7118090956489026,Wheeling,Wheeling
105,0.0015024015390182393,0.27376137730430244,0.0004694634646789633,0.0007471508881132406,0.00011662150149557816,0.7234029853023912,Wheeling,Wheeling
106,0.0021252674864574695,0.42702408208103515,0.001112185051469459,0.0009395684741420452,0.0016956277774091472,0.5671032691294868,Wheeling,Wheeling
107,0.0013315040634311042,0.3352319629840086,0.0012580501926867408,0.0023006210004790006,0.0005412072029202863,0.6593366545564744,Wheeling,Wheeling
108,0.0022559945631674804,0.282738269553175,0.000751890998736346,0.00038903290269254277,0.00031001383388072477,0.7135547981483479,Wheeling,Wheeling
109,0.018414860434363862,0.15916422069951647,0.05832297842593754,0.1895754930868759,0.1451759304217986,0.4293465169315077,Wheeling,Wheeling
110,0.017757762056006744,0.11918929220049086,0.04504590502320576,0.15020873933387505,0.32666023689744994,0.34113806448897166,Walking,Wheeling
111,0.0034081308107841877,0.34508779648915283,0.0004346967997646913,0.00027253249611778783,0.00022788444064181153,0.6505689589635387,Wheeling,Wheeling
112,0.003434604378421822,0.3493322553264323,0.018241030987875058,0.10499262539131843,0.03876757702170351,0.48523190689424883,Wheeling,Wheeling
113,0.0016791332608914488,0.4272676725482585,0.009386749051176955,0.03582656919793291,0.012483562103666043,0.5133563138380743,Wheeling,Wheeling
114,0.0017768021603834423,0.042516152971049985,0.1295545580912424,0.6377932648127236,0.16051972852796947,0.027839493436631117,Standing,Wheeling
115,0.0019589396421888236,0.473596996102338,0.007888276630130926,0.0034492936027938387,0.008230286146814089,0.5048762078757343,Wheeling,Wheeling
116,0.004452494960355758,0.4734849868641622,0.021592108521941933,0.02573805065352587,0.02353370626091901,0.4511986527390954,Sitting,Wheeling
117,0.0025027058029942254,0.1603005908598872,0.0038961151813570313,0.0019785961550893216,0.004038798257023857,0.8272831937436487,Wheeling,Wheeling
118,0.0039467176374029835,0.0175316855178115,0.03806749441938006,0.025736523737095764,0.019828866070800862,0.8948887126175089,Wheeling,Wheeling
119,0.002575249347798537,0.001386934278985648,0.5228224041530205,0.42009777268754944,0.04449018068973143,0.008627458842914368,StairClimbing,Walking
120,0.002075781388483147,0.02925625415167194,0.046206848125632,0.8478312156599391,0.03369643695337684,0.0409334637208965,Standing,Walking
121,0.0024407176280844957,0.018144387302863857,0.10014282270674868,0.6703775350059062,0.18683120663052086,0.022063330725875418,Standing,Walking
122,0.0018419558378550227,0.002739303345559776,0.36938453990796777,0.25104925145576845,0.3693574765445682,0.005627472908281093,Walking,Walking
123,0.0014052511574183797,0.0010721121379286573,0.18486283653706828,0.05302214320921562,0.7572251100511602,0.0024125469072089983,Walking,Walking
124,0.0013502420522945916,0.001556361514890879,0.11128408656657238,0.025876590988219483,0.8575357212854818,0.0023969975925405436,Walking,Walking
125,0.0013883991517469885,0.002461056693661022,0.037469958869969726,0.04426782647798677,0.9089119244551428,0.005500834351492629,Walking,Walking
126,0.0014891831672774383,0.002295143008588668,0.06838022771680857,0.05337922912295794,0.8708230644203803,0.0036331525639869103,Walking,Walking
127,0.0012740242893027752,0.0014333531003686635,0.3051056130522015,0.0372380587286531,0.6540999558434666,0.0008489949860074706,Walking,Walking
128,0.0013750701994336514,0.0007713344128640696,0.03498437102621412,0.010448182661885819,0.949811627202861,0.0026094144967413638,Walking,Walking
129,0.0010178145897482933,0.0006421832348483957,0.07511435327896515,0.011408784321265724,0.91119069732146,0.000626167253712761,Walking,Walking
130,0.0012268843157567236,0.0008969968190300966,0.14528913433863214,0.028701086404579947,0.8209475178711574,0.002938380250843496,Walking,Walking
131,0.00233359675594059,0.01046184315169013,0.04977904832542983,0.05639015125901738,0.8477260301362625,0.033309330371659784,Walking,Walking
132,0.0014526426736731352,0.004963440585204263,0.05882251480898728,0.04288763858724636,0.883896225743927,0.007977537600961978,Walking,Walking
133,0.0009538157758278079,5.066088760292386e-05,0.04876465715620551,0.0004697889366261332,0.9496973545622082,6.372268152956982e-05,Walking,Walking
134,0.0012989095331230386,0.0007090424560586172,0.08026694388709633,0.010639845145313171,0.9048686844841676,0.0022165744942415355,Walking,Walking
135,0.0009673307881735238,0.0008652398819376716,0.13614709288346916,0.013619085441779206,0.8479288557374769,0.00047239526716366236,Walking,Walking
136,0.0013347115719956188,0.0013550605255257463,0.08112488345317263,0.024089221651124246,0.8909805459044896,0.0011155768936925998,Walking,Walking
137,0.0010446621831355337,0.00030760748916235304,0.3833531464931615,0.0062602671715334055,0.6089147317224146,0.00011958494059286275,Walking,Walking
138,0.0011150547384483004,0.00018290534558019494,0.06927722865352182,0.0033654962212355494,0.9257717651991292,0.00028754984208493006,Walking,Walking
139,0.001146307951221152,0.0010898910500390482,0.10052763786123294,0.023979009514463138,0.8691440582118158,0.004113095411227917,Walking,Walking
140,0.0011785912680129507,0.0008422692171336226,0.0585866123690791,0.009109881826769195,0.9296662118945903,0.0006164334244146747,Walking,Walking
141,0.001123682397082391,0.0008672025089585294,0.19072411011493906,0.01511984156913177,0.7918697872498983,0.00029537615999000906,Walking,Walking
142,0.001296207766752475,0.0008601970943317758,0.11377388325063886,0.027264297242734006,0.8536261930269483,0.0031792216185945145,Walking,Walking
143,0.0009964975612299129,0.0005398959566906216,0.048113678041935365,0.004836138969478202,0.945006437620697,0.0005073518499687786,Walking,Walking
144,0.0013220854982336715,0.0012845096482375206,0.13777372259963158,0.018709749706382176,0.8372701024673059,0.0036398300802092535,Walking,Walking
145,0.0014802877550951059,0.0017345058866413063,0.2468853671356395,0.05022535219732733,0.6946732255922294,0.005001261433067186,Walking,Walking
146,0.0011210113006733923,0.00010668989248027388,0.17947974160710253,0.001456194560119277,0.8175961538119847,0.0002402088276399048,Walking,Walking
147,0.0018354528850598494,0.002686802678190611,0.3209252701074448,0.29416521277263935,0.35593047390285476,0.02445678765381042,Walking,Walking
148,0.002489515372526411,0.001100093333310943,0.8661655570396141,0.09188376458832725,0.03623616295662755,0.002124906709593878,StairClimbing,Walking
149,0.0033198452809747314,0.6780977840679633,0.026644878301426974,0.0049682072632014395,0.006378782865138256,0.2805905022212956,Sitting,Sitting
150,0.0016874225706261887,0.6465571764558093,0.0023709660266490393,0.003886492050512578,0.003190948410778331,0.3423069944856241,Sitting,Sitting
151,0.0015839886107749275,0.5145234995861903,0.0018678732503777965,0.004836787104773431,0.0029919211696689324,0.47419593027821483,Sitting,Sitting
152,0.0015995348566728781,0.324558652216329,0.0005666447218485685,0.0025036802143089255,0.0016659705737503212,0.6691055174170902,Wheeling,Sitting
153,0.00204531803814025,0.42877851476808526,0.0007727326144999862,0.0007720510297163455,0.0005518863351199168,0.5670794972144385,Wheeling,Sitting
154,0.008712417116843797,0.2729645553249745,0.02778299805847009,0.024683472835870916,0.1037239864919596,0.5621325701718812,Wheeling,Sitting
155,0.0019109132118197997,0.316816983035158,0.00036518702921108326,0.0006421832059433878,0.00037030771289708344,0.6798944258049711,Wheeling,Sitting
156,0.0019505634679347795,0.4769215507574274,0.0015869802190788499,0.0016935439133295472,0.0011491327865766946,0.5166982288556531,Wheeling,Sitting
157,0.0023470957839196024,0.2541291130684332,0.0012595608351746036,0.0009750281682967755,0.005353524944527093,0.7359356771996488,Wheeling,Sitting
158,0.002038811685791217,0.45348059576959104,0.0002857590372517883,0.00043538111059726077,0.00024788771593008894,0.5435115646808388,Wheeling,Sitting
159,0.0029716014283364643,0.24935609486065063,0.001282462391509602,0.0006898115316287399,0.00478648426818218,0.7409135455196922,Wheeling,Sitting
160,0.001703579557653292,0.40490516120996145,0.0007871737052495139,0.0018884796562955444,0.0010937997531045025,0.5896218061177361,Wheeling,Sitting
161,0.001778663323588736,0.4001934263841983,0.00032783638440726326,0.0006389700542966983,0.0003523279299613707,0.5967087759235479,Wheeling,Sitting
162,0.0015898376260341687,0.4205654480671559,0.0008011714038666165,0.00174741619351579,0.0005072255107054538,0.5747889011987221,Wheeling,Sitting
163,0.0020559686138620957,0.33681095206019224,0.0004679686649893151,0.000729375331592471,0.0007730521865818855,0.659162683142782,Wheeling,Sitting
164,0.0014887158922557591,0.4526198260099688,0.0008080041739958574,0.0013845890958721749,0.0009283907579519284,0.5427704740699552,Wheeling,Sitting
165,0.006023109446471174,0.40374958591903415,0.011805265454849327,0.005409539417493002,0.035925478967915994,0.5370870207942362,Wheeling,Sitting
166,0.002577331556560357,0.4762778687071679,0.0069830168212919016,0.00639345410281822,0.004975227397139808,0.5027931014150223,Wheeling,Sitting
167,0.002019214901981229,0.30930696638298266,0.0004994315012709696,0.0007759658583166197,0.0010452835710381063,0.6863531377844103,Wheeling,Sitting
168,0.0023630689400756556,0.5951456711584867,0.0003371949920361456,0.0002535547676734975,0.00019138589988211966,0.40170912424184585,Sitting,Sitting
169,0.0021035098449091513,0.4267896772656881,0.0009492261913166564,0.0008250633253316542,0.000821855168277244,0.5685106682044775,Wheeling,Sitting
170,0.0022721474240500737,0.40945119229189586,0.0007178145066878426,0.00046322543046588825,0.0013813263980498244,0.5857142939488502,Wheeling,Sitting
171,0.0025594570265593964,0.4848948673493702,0.0004934474189230355,0.0005031757842332001,0.0003817798754163725,0.5111672725454974,Wheeling,Sitting
172,0.0019989381389731637,0.2871136339992714,0.0003166484389372178,0.0005434416673058247,0.00047668402942184273,0.7095506537260908,Wheeling,Sitting
173,0.00197449318868753,0.42414018625786665,0.0026100012282158367,0.02543574440922173,0.00844656216734156,0.5373930127486667,Wheeling,Sitting
174,0.003680778274252604,0.501782633619668,0.023144972224110737,0.005366393350814978,0.007787723444568998,0.45823749908658457,Sitting,Sitting
175,0.0018218878660808224,0.27327124680782716,0.0005078911708926022,0.00042721505738503633,0.0007139717027302726,0.7232577873950838,Wheeling,Sitting
176,0.0014568272199975188,0.21349606530831347,0.001067801324964568,0.0026960804399632464,0.001544772683887431,0.7797384530228737,Wheeling,Sitting
177,0.0024303768090458595,0.40715852002368913,0.0013998504828981184,0.000940445159057898,0.0019312009853538785,0.5861396065399556,Wheeling,Wheeling
178,0.0016969850794302567,0.31302681682770334,0.0003264144028047812,0.00039988265558197115,0.0003890981537020947,0.6841608028807776,Wheeling,Wheeling
179,0.0023653419372441035,0.641582629529369,0.007079102129183917,0.021944118288825552,0.017289661813408595,0.3097391463019684,Sitting,Wheeling
180,0.0020988684546494655,0.23539265147457628,0.0015288523680803375,0.002071968146446402,0.0057590911423376434,0.7531485684139098,Wheeling,Wheeling
181,0.0014614790627350408,0.2129905967533957,0.0010991719408839796,0.004604938284795396,0.002886964301960152,0.7769568496562297,Wheeling,Wheeling
182,0.0016458103771005447,0.29536172703626873,0.0015677076545978746,0.002865203133784559,0.002103071456866012,0.6964564803413822,Wheeling,Wheeling
183,0.0022049395142258697,0.24708627432086336,0.004847092737454548,0.003209610184555658,0.005179646672186831,0.7374724365707136,Wheeling,Wheeling
184,0.0022015060194476685,0.20050915035366407,0.0003917503921505572,0.00040421516813217483,0.0004522333541327666,0.796041144712473,Wheeling,Wheeling
185,0.0014823239404313014,0.2768118545937389,0.0010440573637420384,0.0013821860973299018,0.0017774814822254478,0.7175020965225325,Wheeling,Wheeling
186,0.001726757655327355,0.30698731334617235,0.0023569866042370455,0.0032051669831977474,0.003335872116767069,0.6823879032942985,Wheeling,Wheeling
187,0.0018062130865057241,0.3543325296216252,0.0010794561316430438,0.0017006567251351425,0.0017209418968728426,0.639360202538218,Wheeling,Wheeling
188,0.001864421758085065,0.2891922185063001,0.001358757117776437,0.0024059653368631944,0.0012648578600590998,0.7039137794209163,Wheeling,Wheeling
189,0.0020303865669573165,0.38427390799911443,0.0036906456355649017,0.01034605689699743,0.0069127310089210515,0.5927462718924451,Wheeling,Wheeling
190,0.0016371544902913323,0.40554507936981354,0.003416759790825418,0.012829910122712099,0.004348322232507018,0.5722227739938504,Wheeling,Wheeling
191,0.0020769978191289614,0.45587045164597745,0.00643755197419045,0.021158234178040605,0.012006179377633564,0.502450585005029,Wheeling,Wheeling
192,0.00170172588499649,0.3776990335321964,0.006766111421407351,0.06311262375096632,0.013593384452552109,0.5371271209578813,Wheeling,Wheeling
193,0.0019006267544111378,0.5102218711485731,0.012095016825844804,0.061430961344813566,0.020066784073819455,0.3942847398525379,Sitting,Wheeling
194,0.001581326039816595,0.43501692691158295,0.00597893419420859,0.02135553093428541,0.013793197894520208,0.5222740840255863,Wheeling,Wheeling
195,0.002270244146503788,0.47763426458302527,0.0011342385489006455,0.001970632425409203,0.0016807075436175384,0.5153099127525436,Wheeling,Wheeling
196,0.0017195480354581679,0.6020978127629972,0.007035884152095399,0.01460115006401824,0.009314100064021516,0.3652315049214094,Sitting,Wheeling
197,0.001603715277582506,0.41770662736777836,0.0023210958409157073,0.005427595803678806,0.0021434957859776966,0.5707974699240665,Wheeling,Wheeling
198,0.001581374200138027,0.43895106107140375,0.0016007221960751548,0.0031306059003980828,0.0020215605174948555,0.5527146761144899,Wheeling,Wheeling
199,0.0017139470618769458,0.41966077994099577,0.0008121055127243526,0.0008097380389760221,0.0006245985019692188,0.5763788309434579,Wheeling,Wheeling
200,0.00877611370807739,0.17263863268818805,0.04480261071588096,0.4317343830426995,0.08778767263299762,0.25426058721215666,Standing,Wheeling
201,0.0014113282227401134,0.18383462672188186,0.003500292580154039,0.01646671779943398,0.003399712684402669,0.7913873219913872,Wheeling,Wheeling
202,0.0018572097768404575,0.5074199600639975,0.0009953578923209063,0.0008190802461554086,0.0006644477468605349,0.48824394427382534,Wheeling,Wheeling
203,0.0017285505628337676,0.3635813093562826,0.0008157984353771899,0.0012976080693676826,0.0007091433627167886,0.6318675902134216,Wheeling,Wheeling
204,0.00153814179009447,0.3780170644279051,0.0008681760022403065,0.0013385966340418872,0.0007582074400134652,0.6174798137057047,Wheeling,Wheeling
205,0.0016719560996169955,0.3054843487557626,0.0007451749312837444,0.0020349257017204755,0.0009041573496884705,0.6891594371619277,Wheeling,Wheeling
206,0.0018688804000584734,0.47814918611797463,0.006389065818458393,0.016932652635717194,0.012700849841645056,0.48395936518614596,Wheeling,Wheeling
207,0.0017760520893074752,0.2243894582546772,0.005321936042527495,0.03590477989408918,0.00631623361979336,0.7262915400996054,Wheeling,Wheeling
208,0.0012581936579304162,0.24802853098044858,0.002960633286668895,0.009260446947073616,0.0027438783891238546,0.7357483167387545,Wheeling,Wheeling
209,0.0017430249557209233,0.14331181098754142,0.005505822689828846,0.005080648108615703,0.0065590774123558465,0.8377996158459371,Wheeling,Wheeling
210,0.002031618342650511,0.42043795397605493,0.006776959156760965,0.003253468981320727,0.0037164715274854237,0.5637835280157275,Wheeling,Wheeling
211,0.0014290114834246237,0.2859440657166849,0.0034628319764907515,0.006276606732046458,0.005222766109501055,0.6976647179818521,Wheeling,Wheeling
212,0.0012755757630069898,0.44383297332771715,0.0013093884266660515,0.002986441575727645,0.0016920221411304633,0.5489035987657517,Wheeling,Wheeling
213,0.0026804126739546122,0.11088153978251841,0.012646672624177846,0.05287811765334935,0.0128186403628739,0.8080946169031259,Wheeling,Wheeling
214,0.0020073957953741007,0.18437024897184381,0.0011565237482324233,0.0009612696628912784,0.0013338183115093952,0.8101707435101491,Wheeling,Wheeling
215,0.9284317754333653,0.015874935810987017,0.005621308504683863,0.00867238260237909,0.008789743732299921,0.032609853916284924,Lying,Lying
216,0.9808140698569975,0.004589778275577214,0.0025764974617794073,0.003037366015664703,0.0022922667404212645,0.006690021649559614,Lying,Lying
217,0.9801915644942448,0.007733756874123817,0.0020002006464006927,0.0023647193810245235,0.001253187584738513,0.006456571019467584,Lying,Lying
218,0.9714658383081216,0.01162986638653273,0.0023604002113261735,0.0030834728249984566,0.0021862246644429877,0.009274197604577783,Lying,Lying
219,0.9730209208486438,0.00966972072700776,0.0024048411190409364,0.0031208511192252733,0.0022061889136037066,0.009577477272478471,Lying,Lying
220,0.966634808881138,0.013862609562883885,0.002741769565860878,0.003813363312906325,0.003049400944912982,0.00989804773229804,Lying,Lying
221,0.9858021045036995,0.006181624844615825,0.001572957420878305,0.002168457508781184,0.0013245922259005542,0.0029502634961244803,Lying,Lying
222,0.9796295303003443,0.008351536192690386,0.0018908262692985415,0.0027932229950428378,0.0021777188858272045,0.005157165356796682,Lying,Lying
223,0.9653728087600876,0.013476744397459722,0.003203537455872778,0.004115088748859621,0.003184826311618539,0.010646994326101443,Lying,Lying
224,0.9752609077318399,0.009478485029046232,0.0024404377754236916,0.0032946564797448927,0.002453486160710704,0.007072026823234792,Lying,Lying
225,0.9703155169981182,0.010752752815193367,0.002800049219343813,0.0036782911280998994,0.0027196378961264105,0.009733751943118492,Lying,Lying
226,0.962143589241199,0.014513823170399872,0.0035696006799157934,0.004418694370142146,0.002719246956862451,0.01263504558148036,Lying,Lying
227,0.9600624787332391,0.014653341524883911,0.0031639446877446214,0.004137289844167564,0.002939535658870104,0.015043409551094589,Lying,Lying
228,0.9616675732312422,0.013111314064036785,0.003950106330962164,0.004585945904833388,0.0029101869766989196,0.013774873492226563,Lying,Lying
229,0.9696191490372673,0.012311398596837936,0.0024388353456769284,0.0036646430630174064,0.00291810816584071,0.009047865791359725,Lying,Lying
230,0.9601477228625781,0.014648555102709427,0.004450359835237968,0.005110162741250065,0.003219366079539934,0.012423833378684511,Lying,Lying
231,0.9479491242172998,0.02003200530496793,0.006204509714617067,0.0064378412214201805,0.003637387642099415,0.015739131899595762,Lying,Lying
232,0.9680872260784914,0.012543179372268294,0.0027949235163509008,0.00398781570950731,0.0030136334471249455,0.009573221876256853,Lying,Lying
233,0.9632078771370369,0.013661527001279749,0.003410228895843599,0.004386360599498705,0.0030411309007459773,0.012292875465595213,Lying,Lying
234,0.9593783796188611,0.01644727897831622,0.004462902509095345,0.004766682323714919,0.0024249225961608277,0.012519833973851443,Lying,Lying
235,0.9632281371260959,0.01477209876458848,0.0032975240926506823,0.004615931872671202,0.0030814875562608776,0.01100482058773298,Lying,Lying
236,0.9676673599946068,0.012671889868770174,0.0023081293346885537,0.0037140688995991344,0.0029207236276964574,0.01071782827463865,Lying,Lying
237,0.9714887988454649,0.010795155299842695,0.0028462358866506924,0.0036145484035720937,0.002510828502450034,0.008744433062019491,Lying,Lying
238,0.964609565273789,0.014201819949154823,0.0030137570378740027,0.0044604661757979905,0.0036176552365814194,0.010096736326803076,Lying,Lying
239,0.9547202659387536,0.018284433353398567,0.003259056305569051,0.004409429734218523,0.0027836791384302662,0.016543135529630208,Lying,Lying
240,0.9759532308585224,0.009795954142793845,0.0030103564152549308,0.0030608535233435756,0.0011984584956560179,0.006981146564429759,Lying,Lying
241,0.9579469839820277,0.016703386225873508,0.002495819626803865,0.003740765848990756,0.003137699251752952,0.015975345064551505,Lying,Lying
242,0.004504741021521456,0.09637671101025556,0.047399051752784235,0.02667922850607536,0.1502961265615896,0.6747441411477737,Wheeling,Standing
243,0.0021895772979873464,0.021180970694392003,0.05028617547338102,0.0322242851452481,0.8369444727503228,0.057174518638668306,Walking,Standing
244,0.002409273906677807,0.013472537723797156,0.3125893359516397,0.10492842031611398,0.5289406067964447,0.03765982530532614,Walking,Standing
245,0.002446928482744779,0.0001083135858854495,0.9848972563462818,0.008739747942703104,0.003676170422056674,0.00013158322032816397,StairClimbing,Standing
246,0.0020922867868531734,0.003322166429617269,0.1619223829482655,0.7116711102504454,0.10883921149150495,0.012152842093313417,Standing,Standing
247,0.001963538357132177,0.007181027057080209,0.05303980842802837,0.895043199120434,0.029703081419950903,0.01306934561737442,Standing,Standing
248,0.0018331875760750982,0.004796257513997862,0.031007219730760344,0.9103958594704447,0.03504612279373656,0.01692135291498603,Standing,Standing
249,0.001653559255826514,0.0024591252721020704,0.042652754569407654,0.9185086475491105,0.029995513609165296,0.004730399744388201,Standing,Standing
250,0.002088767744201716,0.008425889115935514,0.04179046378511522,0.8982102989155919,0.030715706620918434,0.018768873818236605,Standing,Standing
251,0.0019604631469118004,0.01278225086173564,0.026971242356981583,0.8957431684684467,0.03236992191233788,0.030172953253586213,Standing,Standing
252,0.0017222873745462053,0.004827867804949963,0.13094592765941904,0.8442800148590757,0.013624976190629922,0.004598926111379575,Standing,Standing
253,0.0020117293714960512,0.014510431815169915,0.008310543954998422,0.9155957797778358,0.011934165475123168,0.047637349605376904,Standing,Standing
254,0.0019778782242889127,0.0354503106500449,0.02772724044966769,0.8829614925083137,0.022014223712462967,0.029868854455221538,Standing,Standing
255,0.0020785939034924884,0.015424608102600249,0.04079029300613768,0.8784645092735016,0.03357269143991453,0.029669304274353644,Standing,Standing
256,0.002085076080247196,0.014173585060721321,0.026698797713769554,0.891838763187369,0.02971583561511952,0.03548794234277323,Standing,Standing
257,0.002106008644945598,0.01171281701390069,0.018470056678225745,0.9150994208118792,0.02380472245226239,0.02880697439878585,Standing,Standing
258,0.0020384892570440693,0.009726030277237424,0.04224069451420886,0.8927231081228779,0.03331425926910896,0.01995741855952266,Standing,Standing
259,0.00198547683921695,0.013978495432028509,0.01815196523096968,0.9236435645985771,0.017696089476161057,0.024544408423046817,Standing,Standing
260,0.0019247054593128983,0.009587764216612404,0.0327986363608289,0.8986541538332831,0.03747640843695983,0.019558331693003157,Standing,Standing
261,0.002726150548427144,0.04460605146723457,0.04123610641088854,0.8852390435932554,0.0190247878330584,0.0071678601471358155,Standing,Standing
262,0.0021745902071899806,0.012773620043008067,0.02506094131641628,0.9021849942225364,0.025400118757877156,0.03240573545297207,Standing,Standing
263,0.0021204195547462165,0.0070672792213287644,0.03797186238517981,0.9237653595380677,0.019698704182795738,0.009376375117881936,Standing,Standing
264,0.0021606944735821474,0.010077827303087308,0.02667134133827521,0.8735402513351161,0.05817339521574513,0.029376490334193796,Standing,Standing
265,0.0024196885874735604,0.024466744065318926,0.030306180990639142,0.8150056220351533,0.05713861733684009,0.07066314698457539,Standing,Standing
266,0.0019255116040534086,0.04148221068554695,0.016677459490467436,0.8153936769961146,0.02757386046263275,0.09694728076118503,Standing,Standing
267,0.002140187054292779,0.024452721074189065,0.05087979065411863,0.7618044876082605,0.10614807648475054,0.05457473712438878,Standing,Standing
268,0.0010952405958248599,0.0010585998915674684,0.0439923131852323,0.004109945393396547,0.9488075364217453,0.0009363645122333174,Walking,Walking
269,0.0024176842211178716,0.005966287411732685,0.15092163889469234,0.13638885722097183,0.6830838532228521,0.02122167902863312,Walking,Walking
270,0.0018015109730649516,0.005923299156181196,0.10951581916275276,0.06681170924845488,0.8042737819914967,0.01167387946804915,Walking,Walking
271,0.001439707082895489,0.0010984755187186089,0.0512267497829347,0.014208162606123693,0.929431395717288,0.0025955092920396977,Walking,Walking
272,0.0032791393381348347,0.044166866929399,0.11461791890307611,0.04242988232917441,0.7826847546082109,0.012821437892005093,Walking,Walking
273,0.0018848541620968056,0.012159454041797026,0.6287167811058884,0.027065543158093994,0.3276226777969017,0.002550689735222151,StairClimbing,Walking
274,0.0016024111425702666,0.009308158600929975,0.08728864277963957,0.03567640644247405,0.8584777674326995,0.007646613601686823,Walking,Walking
275,0.0014865417111729836,0.00653169056042829,0.057983609070749856,0.04874592679175739,0.8782640536255922,0.006988178240299179,Walking,Walking
276,0.00149898474046596,0.0027429717339346182,0.12006234073385144,0.02811089317641528,0.8460062116219034,0.0015785979934291982,Walking,Walking
