,0,1,2,3,4,5,modelStates,target
0,0.936308063919903,0.013981020229830242,0.008170597434296854,0.004252855317318608,0.006628643804281964,0.030658819294369203,Lying,Lying
1,0.9629886167892262,0.007007568894986096,0.004925467428504273,0.007192867466269883,0.009694913639880495,0.00819056578113338,Lying,Lying
2,0.9591185788116092,0.006421672598269393,0.004969409250642672,0.013783431331151423,0.008408891213119702,0.007298016795207597,Lying,Lying
3,0.9656441539422187,0.005619914236824356,0.003466661735727723,0.013083171848703475,0.006185561510549256,0.006000536725976642,Lying,Lying
4,0.961561475334217,0.006081304524339421,0.005196651363979979,0.008336471818673507,0.011662672009232123,0.007161424949557968,Lying,Lying
5,0.9597887347562777,0.005749315340693174,0.004702760303554851,0.009271180456740052,0.0136398994873915,0.00684810965534275,Lying,Lying
6,0.9651131457299722,0.005423317558268679,0.0033284969299807693,0.012651367203204296,0.008011259383662268,0.0054724131949114825,Lying,Lying
7,0.9641273994622113,0.0051372705426666505,0.00507102615325665,0.009252078431095307,0.010982610612678525,0.005429614798091894,Lying,Lying
8,0.964208921912798,0.004953383755918097,0.004204524881328962,0.009957881338566447,0.010877434317574534,0.005797853793813783,Lying,Lying
9,0.9617661211277763,0.005106038641142341,0.004932753299709704,0.009313470659557876,0.013216960543730871,0.005664655728082925,Lying,Lying
10,0.9578473240504866,0.005448864626519343,0.00390785699686002,0.01346012893569316,0.012530871875899182,0.006804953514541577,Lying,Lying
11,0.9606844954970762,0.005250074880702775,0.005543566812351374,0.006362093640860732,0.015157323687072661,0.007002445481936364,Lying,Lying
12,0.9606844954970762,0.005250074880702775,0.005543566812351374,0.006362093640860732,0.015157323687072661,0.007002445481936364,Lying,Lying
13,0.9606844954970762,0.005250074880702775,0.005543566812351374,0.006362093640860732,0.015157323687072661,0.007002445481936364,Lying,Lying
14,0.9606844954970762,0.005250074880702775,0.005543566812351374,0.006362093640860732,0.015157323687072661,0.007002445481936364,Lying,Lying
15,0.9606844954970762,0.005250074880702775,0.005543566812351374,0.006362093640860732,0.015157323687072661,0.007002445481936364,Lying,Lying
16,0.9606844954970762,0.005250074880702775,0.005543566812351374,0.006362093640860732,0.015157323687072661,0.007002445481936364,Lying,Lying
17,0.9606844954970762,0.005250074880702775,0.005543566812351374,0.006362093640860732,0.015157323687072661,0.007002445481936364,Lying,Lying
18,0.9606844954970762,0.005250074880702775,0.005543566812351374,0.006362093640860732,0.015157323687072661,0.007002445481936364,Lying,Lying
19,0.9606844954970762,0.005250074880702775,0.005543566812351374,0.006362093640860732,0.015157323687072661,0.007002445481936364,Lying,Lying
20,0.9606844954970762,0.005250074880702775,0.005543566812351374,0.006362093640860732,0.015157323687072661,0.007002445481936364,Lying,Lying
21,0.9606844954970762,0.005250074880702775,0.005543566812351374,0.006362093640860732,0.015157323687072661,0.007002445481936364,Lying,Lying
22,0.9606844954970762,0.005250074880702775,0.005543566812351374,0.006362093640860732,0.015157323687072661,0.007002445481936364,Lying,Lying
23,0.9606844954970762,0.005250074880702775,0.005543566812351374,0.006362093640860732,0.015157323687072661,0.007002445481936364,Lying,Lying
24,0.9606844954970762,0.005250074880702775,0.005543566812351374,0.006362093640860732,0.015157323687072661,0.007002445481936364,Lying,Lying
25,0.001715619244950534,0.00031963626923740254,0.00016963990074781856,0.0009648732977580164,0.0001368203394863877,0.9966934109478203,Wheeling,Sitting
26,0.0017064524786079094,0.03193715571632515,0.0006595219386227996,0.003078773041450508,0.0020709885317171397,0.9605471082932763,Wheeling,Sitting
27,0.0016923966838973423,0.004625719435692095,0.004279482252157803,0.011888879958839986,0.003864081680273321,0.9736494399891391,Wheeling,Sitting
28,0.003121974835692393,0.9330604654215776,0.00500662703596557,0.007713855330549687,0.003105057235472049,0.04799202014074229,Sitting,Sitting
29,0.001851583884163683,0.19603271960579907,0.004561132597791988,0.007528855019300174,0.0025419270087160143,0.7874837818842289,Wheeling,Sitting
30,0.0024225731686984774,0.44360491219464687,0.005717974336232286,0.006357399558843394,0.0027905108631991497,0.5391066298783798,Wheeling,Sitting
31,0.00361173333454438,0.9568080841642068,0.004029031890657888,0.0075398435662129065,0.004518143723005857,0.023493163321372332,Sitting,Sitting
32,0.0034282688117685815,0.7650932678864911,0.011851836724454855,0.0077578693682969916,0.005820403074310352,0.20604835413467795,Sitting,Sitting
33,0.0034282688117685815,0.7650932678864911,0.011851836724454855,0.0077578693682969916,0.005820403074310352,0.20604835413467795,Sitting,Sitting
34,0.0034282688117685815,0.7650932678864911,0.011851836724454855,0.0077578693682969916,0.005820403074310352,0.20604835413467795,Sitting,Sitting
35,0.0034282688117685815,0.7650932678864911,0.011851836724454855,0.0077578693682969916,0.005820403074310352,0.20604835413467795,Sitting,Sitting
36,0.0034282688117685815,0.7650932678864911,0.011851836724454855,0.0077578693682969916,0.005820403074310352,0.20604835413467795,Sitting,Sitting
37,0.0034282688117685815,0.7650932678864911,0.011851836724454855,0.0077578693682969916,0.005820403074310352,0.20604835413467795,Sitting,Sitting
38,0.0034282688117685815,0.7650932678864911,0.011851836724454855,0.0077578693682969916,0.005820403074310352,0.20604835413467795,Sitting,Sitting
39,0.002915865661005263,0.006446560085166375,0.013307901938599207,0.9506563439507579,0.021230549282530882,0.005442779081940683,Standing,Standing
40,0.0027999681446596366,0.005388966857811581,0.006794513519030747,0.9778999460655805,0.004083208449589956,0.0030333969633276623,Standing,Standing
41,0.0025294079174235868,0.007242163184371178,0.005536525335778958,0.9814376161472832,0.0020215891712811436,0.0012326982438621108,Standing,Standing
42,0.002435499914175327,0.014844422166668432,0.05454889209163018,0.9203530992586194,0.0011587699477896324,0.006659316621117097,Standing,Standing
43,0.0028733298795943813,0.0052810322755209894,0.022557034649673298,0.9457958996536625,0.016944962811754123,0.006547740729794694,Standing,Standing
44,0.0030005015332867867,0.00407395079333086,0.002560711113273805,0.9870008020658304,0.0020650933777704382,0.0012989411165078104,Standing,Standing
45,0.0027441341681403286,0.004836475369886484,0.009179947838979248,0.9756971519205139,0.005135876020669891,0.002406414681809985,Standing,Standing
46,0.0028959040874504383,0.004576371756635437,0.007594715819115833,0.9683492474680034,0.013216067891823767,0.0033676929769711796,Standing,Standing
47,0.0029005986086190036,0.003928925168815948,0.006932959302604086,0.9747902524072142,0.009204449452172515,0.0022428150605743177,Standing,Standing
48,0.002698755776751479,0.004211217826656593,0.003991200990998687,0.9837454969144498,0.003363610349958377,0.001989718141184604,Standing,Standing
49,0.0028136462179806296,0.0051630499128795075,0.00943536171570251,0.972495120762216,0.007208034012824996,0.00288478737839626,Standing,Standing
50,0.002764152733680321,0.0046388969306513815,0.013978175126634174,0.9544380765255028,0.01961590759835597,0.004564791085175028,Standing,Standing
51,0.0032326309693416254,0.006148233149640436,0.02153461372729932,0.8908759541674446,0.07366136743203341,0.004547200554240262,Standing,Standing
52,0.0033506440148029374,0.0035757809587217766,0.007474655882513357,0.9804006306636424,0.0006158662593654686,0.004582422220954004,Standing,Standing
53,0.005419690885413018,0.013982329402932793,0.10729555012738773,0.47929627677133163,0.3794103416976153,0.01459581111531907,Walking,Standing
54,0.003455913507379612,0.007719986157273366,0.036409168965501476,0.8263117367299931,0.11966384675669434,0.006439347883158158,Standing,Standing
55,0.002136145747564329,0.3193695356559994,0.005145542803837756,0.014209842171941387,0.006001513555018332,0.6531374200656387,Wheeling,Wheeling
56,0.0016194573065101774,0.030519403028485614,0.00729401301979628,0.004467747857302619,0.0025910048924163193,0.953508373895489,Wheeling,Wheeling
57,0.003277083082535601,0.7373284152850497,0.004134804454095423,0.006227243623985744,0.004814779872473832,0.24421767368185934,Wheeling,Wheeling
58,0.0023696156935976774,0.23576082562173198,0.005581974248128952,0.004889846489999126,0.002756713129839816,0.7486410248167026,Wheeling,Wheeling
59,0.002166638907388977,0.051216830946206056,0.008611917631187587,0.007414635665898685,0.006351343787668457,0.9242386330616505,Wheeling,Wheeling
60,0.0023470765336079777,0.10810037108483544,0.004360412968251476,0.0057094472738495545,0.003686767799620701,0.8757959243398349,Wheeling,Wheeling
61,0.0022960488995885362,0.22516062165735742,0.006677429433413049,0.013359072717652966,0.009380861948824764,0.7431259653431633,Wheeling,Wheeling
62,0.0022885335950474307,0.14565281292303764,0.007972268285060388,0.006087194774608414,0.0026597924586777596,0.8353393979635683,Wheeling,Wheeling
63,0.002600057603138035,0.029850146449553066,0.01585676553166396,0.009962200998931376,0.008661672112210724,0.9330691573045024,Wheeling,Wheeling
64,0.00236129084631428,0.32434450164524314,0.005297223544182033,0.006235276495045571,0.003667845670905138,0.6580938617983098,Wheeling,Wheeling
65,0.002433685932317962,0.12310111345720796,0.005703968096666356,0.008253791750475989,0.007977181630913528,0.8525302591324178,Wheeling,Wheeling
66,0.002589227097644762,0.27298693813452357,0.003246958697814265,0.01631934932088519,0.005340955869723285,0.6995165708794086,Wheeling,Wheeling
67,0.0023301973592923983,0.21718200797949805,0.005909428549365091,0.007997827324403444,0.004955402423125506,0.7616251363643156,Wheeling,Wheeling
68,0.0023381577256314542,0.06425376310964986,0.008600074048745389,0.007819124447505908,0.006970015259600894,0.9100188654088666,Wheeling,Wheeling
69,0.0024978496266314077,0.15150807217920415,0.004401591078731751,0.013342380728150093,0.004865967191954473,0.8233841391953282,Wheeling,Wheeling
70,0.002349602016708491,0.04582369350594302,0.003728438126037526,0.011127224232822594,0.004846609176196357,0.9321244329422919,Wheeling,Wheeling
71,0.0023368179442871113,0.14175918917554728,0.0023649597140190776,0.006734895118197362,0.005057447126836564,0.8417466909211128,Wheeling,Wheeling
72,0.002280673076285768,0.05552768079690997,0.008578730423758734,0.006003946964253428,0.007835334917090077,0.9197736338217021,Wheeling,Wheeling
73,0.002176669340183758,0.06722694362849665,0.006105901348090307,0.007575909725670224,0.005974021657386192,0.9109405543001731,Wheeling,Wheeling
74,0.002769266515112661,0.13740097201282248,0.014018374797574956,0.01563509042878488,0.017038233739690458,0.8131380625060146,Wheeling,Wheeling
75,0.0025948741199095207,0.07264223497427147,0.0018266622511154665,0.004613831824157775,0.003885353948475671,0.9144370428820701,Wheeling,Wheeling
76,0.002433765476186006,0.010969997316734486,0.01847284175152723,0.0063366809964222675,0.00773292079054214,0.9540537936685879,Wheeling,Wheeling
77,0.0021259373266993777,0.020690386887095517,0.0044563235476632575,0.0041563132452988065,0.0038730205001921716,0.964698018493051,Wheeling,Wheeling
78,0.0021673362226574708,0.009295185698152011,0.006790403767288965,0.0030021370975715474,0.0033795422210481712,0.9753653949932817,Wheeling,Wheeling
79,0.0022527593810353626,0.012817642131902092,0.008389622976960758,0.006884904315517435,0.010456863373691961,0.9591982078208926,Wheeling,Wheeling
80,0.0023287234140936808,0.015967961212659042,0.007821987314098042,0.007235605782986684,0.008358630515247349,0.9582870917609152,Wheeling,Wheeling
81,0.002253933178703941,0.01776872956036806,0.00776538572296298,0.003640735902546481,0.004952190231796242,0.9636190254036225,Wheeling,Wheeling
82,0.0020938941363114554,0.08419559543822322,0.0038164151670229416,0.005490198498549578,0.0032732084522734146,0.9011306883076197,Wheeling,Wheeling
83,0.002169932153121421,0.03184098246351643,0.005869951783503816,0.006862856776981721,0.0042313103707421465,0.9490249664521344,Wheeling,Wheeling
84,0.0023003727869624147,0.07936344838420721,0.007631392618620758,0.007691278826195529,0.004648047808758208,0.8983654595752559,Wheeling,Wheeling
85,0.002316173405720105,0.4395248155381481,0.00954081006940001,0.010943726446873579,0.005093717664210514,0.5325807568756475,Wheeling,Wheeling
86,0.0017288055503493238,0.13477009547111907,0.004764097994818466,0.007912694250706542,0.005361400278984523,0.845462906454022,Wheeling,Wheeling
87,0.002880852380133659,0.7991843877299294,0.0033922389053233568,0.006733487013186022,0.004781510010998181,0.18302752396042982,Sitting,Wheeling
88,0.001915214552086318,0.22596996015824689,0.015600008053354604,0.01316859267343941,0.016885630490644486,0.7264605940722285,Wheeling,Wheeling
89,0.004245643355747966,0.4948057472335116,0.049163315610526837,0.054673081474059984,0.05219169672817491,0.3449205155979788,Wheeling,Wheeling
90,0.0017358929577685046,0.0022270104114009257,0.042540555238190385,0.0038919227584157568,0.9473160478575896,0.002288570776634802,Walking,Walking
91,0.002390078985136811,0.00396908412370093,0.2062252358400277,0.02041154805216096,0.7630356294179528,0.003968423581020961,Walking,Walking
92,0.002531423912092142,0.00369271731792764,0.20731349546572292,0.008170770845822984,0.7746247848609948,0.0036668075974396583,Walking,Walking
93,0.001998269491691797,0.0026954603999643947,0.04008419250171382,0.04389636703169517,0.9087522571857082,0.002573453389226198,Walking,Walking
94,0.002143863487924943,0.005315966190574039,0.09374112595197841,0.03609903460862408,0.8593307755944356,0.003369234166462902,Walking,Walking
95,0.002114106792617931,0.0023967144785665166,0.04394877326124642,0.023181448437158823,0.9262107415773262,0.002148215453084204,Walking,Walking
96,0.0030197501995431505,0.002911029211158107,0.03752287297994531,0.11502901418932109,0.8394569014739275,0.0020604319461048713,Walking,Walking
97,0.00283230879062884,0.004329069964918205,0.12496330364782421,0.07447325573315942,0.7906185366052862,0.002783525258183085,Walking,Walking
98,0.0022260771809951845,0.00431091506970561,0.1226896351927992,0.05146144458990216,0.8157735582017525,0.0035383697648451056,Walking,Walking
99,0.002084057170939034,0.003045803389312914,0.03983929699088872,0.023234746569435274,0.9289383052915469,0.002857790587877242,Walking,Walking
100,0.0022577607189085136,0.0031022205749099345,0.050492360851942676,0.04491643788010692,0.8968431967728221,0.002388023201310304,Walking,Walking
101,0.002015000594249541,0.0034444057451330254,0.07339359063012112,0.0251659390592648,0.893011825132166,0.0029692388390654086,Walking,Walking
102,0.0022432751104785155,0.003679125734304074,0.23234521805928868,0.00398337531217269,0.7533767364080372,0.0043722693757188204,Walking,Walking
103,0.0027465113833648556,0.002104211649912521,0.11827201558198683,0.016171206211657865,0.8591239986788088,0.0015820564942688631,Walking,Walking
104,0.002279787494818202,0.002494837757607678,0.11053649054897169,0.019166062245959885,0.8634122833452172,0.002110538607425343,Walking,Walking
105,0.002786842465613045,0.0021518871729479545,0.09343556906500448,0.008900425036962149,0.8908089695503166,0.0019163067091553373,Walking,Walking
106,0.002784251862927513,0.0017086718028968963,0.10592930921023994,0.014060143409350608,0.8739550890389609,0.0015625346756239923,Walking,Walking
107,0.0017606763776708094,0.0029709685282890003,0.10114208249526309,0.015403839223729938,0.8759057561472453,0.002816677227801838,Walking,Walking
108,0.0019450298267913728,0.002931006719746279,0.04976042146924547,0.04397675827823927,0.8984460592245651,0.0029407244814124976,Walking,Walking
109,0.0020725220427381765,0.0038522906805555754,0.1573567195999667,0.013308282176796573,0.8200535673078584,0.00335661819208466,Walking,Walking
110,0.0030427823129275705,0.007216862108251555,0.513907928291221,0.014690142347135981,0.4558696468259316,0.005272638114532422,StairClimbing,Walking
111,0.0027228881446978294,0.005056603859769854,0.27042072893134456,0.013090164080699731,0.7049356094892741,0.003774005494213772,Walking,Walking
112,0.004319547250546928,0.005418050447132387,0.46621173554776024,0.019878785881019007,0.5007968010003316,0.0033750798732096964,StairClimbing,Walking
113,0.002517261879095545,0.0027654034718726087,0.1516832695503684,0.008469775622638958,0.8324024077070487,0.002161881768976307,Walking,Walking
114,0.004055887410838237,0.8533263986748638,0.006346264774335069,0.011640787910652454,0.009262533903622487,0.1153681273256883,Sitting,Sitting
115,0.0037526177338173764,0.8314206186851267,0.0057114780435504765,0.01200245273635189,0.006550936376599267,0.14056189642455436,Sitting,Sitting
116,0.00348698892871567,0.7554427035079389,0.0044476505838368895,0.011931139200786527,0.005195045660114114,0.21949647211860804,Sitting,Sitting
117,0.003358971952457619,0.7729639324938299,0.003130477971327968,0.01310841065727812,0.003909094854848685,0.20352911207025765,Sitting,Sitting
118,0.004345754894112191,0.8951025731029757,0.013553308850587274,0.0118458312359425,0.014484861475293367,0.06066767044108896,Sitting,Sitting
119,0.004345754894112191,0.8951025731029757,0.013553308850587274,0.0118458312359425,0.014484861475293367,0.06066767044108896,Sitting,Sitting
120,0.004345754894112191,0.8951025731029757,0.013553308850587274,0.0118458312359425,0.014484861475293367,0.06066767044108896,Sitting,Sitting
121,0.004345754894112191,0.8951025731029757,0.013553308850587274,0.0118458312359425,0.014484861475293367,0.06066767044108896,Sitting,Sitting
122,0.004345754894112191,0.8951025731029757,0.013553308850587274,0.0118458312359425,0.014484861475293367,0.06066767044108896,Sitting,Sitting
123,0.004345754894112191,0.8951025731029757,0.013553308850587274,0.0118458312359425,0.014484861475293367,0.06066767044108896,Sitting,Sitting
124,0.004345754894112191,0.8951025731029757,0.013553308850587274,0.0118458312359425,0.014484861475293367,0.06066767044108896,Sitting,Sitting
125,0.004345754894112191,0.8951025731029757,0.013553308850587274,0.0118458312359425,0.014484861475293367,0.06066767044108896,Sitting,Sitting
126,0.004345754894112191,0.8951025731029757,0.013553308850587274,0.0118458312359425,0.014484861475293367,0.06066767044108896,Sitting,Sitting
127,0.004345754894112191,0.8951025731029757,0.013553308850587274,0.0118458312359425,0.014484861475293367,0.06066767044108896,Sitting,Sitting
128,0.004345754894112191,0.8951025731029757,0.013553308850587274,0.0118458312359425,0.014484861475293367,0.06066767044108896,Sitting,Sitting
129,0.004345754894112191,0.8951025731029757,0.013553308850587274,0.0118458312359425,0.014484861475293367,0.06066767044108896,Sitting,Sitting
130,0.004345754894112191,0.8951025731029757,0.013553308850587274,0.0118458312359425,0.014484861475293367,0.06066767044108896,Sitting,Sitting
131,0.004345754894112191,0.8951025731029757,0.013553308850587274,0.0118458312359425,0.014484861475293367,0.06066767044108896,Sitting,Sitting
132,0.001954111018799653,0.05427807479732864,0.006447410754148284,0.006769344597017656,0.004001093324131695,0.926549965508574,Wheeling,Wheeling
133,0.001956587515934921,0.020693947988977078,0.0066475001122799065,0.012863598472936784,0.009699122212828737,0.9481392436970427,Wheeling,Wheeling
134,0.0021753250228129127,0.1184390835175444,0.001335386590128285,0.00492032273368977,0.00396924611688213,0.8691606360189426,Wheeling,Wheeling
135,0.002523776234973008,0.22931498684696996,0.0019159058417041255,0.0029354838117838875,0.0015300198891079926,0.7617798273754613,Wheeling,Wheeling
136,0.002163800250409042,0.1342708853959239,0.002289122101477797,0.0032200904731859146,0.0027561971885374115,0.8552999045904662,Wheeling,Wheeling
137,0.0019752689443542438,0.0852267970049216,0.0037176131848825076,0.0026776372120080097,0.0014628957387109827,0.9049397879151228,Wheeling,Wheeling
138,0.001921819722425237,0.04624511088096645,0.005351676772416305,0.004275149155680503,0.0036135447582582142,0.9385926987102537,Wheeling,Wheeling
139,0.0019459026068656782,0.00724218093522385,0.004373936878449968,0.010526829192515163,0.00786367752622317,0.9680474728607221,Wheeling,Wheeling
140,0.0019395616380056924,0.03225785342430772,0.0024311624327962226,0.004371946507240848,0.0032494485421603533,0.9557500274554895,Wheeling,Wheeling
141,0.00204907058822519,0.008433227236257826,0.004919773041266169,0.0032519414380011223,0.005258699621411893,0.976087288074838,Wheeling,Wheeling
142,0.002168811865167963,0.039155802275700854,0.0016817856433106464,0.0013523627419607211,0.0010005851155632174,0.9546406523582968,Wheeling,Wheeling
143,0.002219506052959432,0.005821235654412479,0.0033609394476328217,0.0019012096111015377,0.0013625317029388464,0.9853345775309551,Wheeling,Wheeling
144,0.0021900371425203867,0.031079067627303114,0.001570734170507594,0.0019785343063499676,0.0010522963987357433,0.962129330354583,Wheeling,Wheeling
145,0.0023227664491970064,0.042429884493415226,0.0007495258777653234,0.001057058269141807,0.00047828938055048247,0.9529624755299303,Wheeling,Wheeling
146,0.0024416090185637855,0.003420735424349818,0.0017776041880441904,0.00189186322151538,0.000866140557359088,0.9896020475901679,Wheeling,Wheeling
147,0.00248136201548171,0.005690362878600634,0.002011684837657617,0.001000495015711444,0.0011593011309626521,0.9876567941215859,Wheeling,Wheeling
148,0.002357256946603016,0.001831976001745437,0.0016682364366665025,0.0030006083231320256,0.001475205130640358,0.9896667171612127,Wheeling,Wheeling
149,0.0021386135059022963,0.007746978730357794,0.0028668519381938647,0.0019582810866105938,0.0018821276322042637,0.9834071471067312,Wheeling,Wheeling
150,0.0023974257812359105,0.0030365094126668184,0.0012496883120672697,0.0014230459656460544,0.001153375116522712,0.990739955411861,Wheeling,Wheeling
151,0.0022418490424789034,0.004475176335102541,0.002946049006812355,0.0012510343456847129,0.000994345926641099,0.9880915453432804,Wheeling,Wheeling
152,0.0022238439528598063,0.005015375852053448,0.002207147741612572,0.0034903773697454415,0.0018989714721523532,0.9851642836115765,Wheeling,Wheeling
153,0.0023049631087458094,0.003306976050786134,0.0011112244835541163,0.0010528677121469472,0.0012817176642025926,0.9909422509805648,Wheeling,Wheeling
154,0.0024062761828220567,0.0041198373472130885,0.001510749362717599,0.0016369942807405672,0.0009475497144385635,0.9893785931120682,Wheeling,Wheeling
155,0.002241697692553541,0.005880484059901343,0.0012668696953671273,0.002341457680438442,0.0014615528659098808,0.9868079380058294,Wheeling,Wheeling
156,0.00222897316808543,0.006656681843109439,0.0020208991126005734,0.001301615115329078,0.0007118895358058439,0.9870799412250696,Wheeling,Wheeling
157,0.0023182904714755684,0.03667312055702945,0.0014761662205614655,0.0012663126171920266,0.0009139134173254039,0.957352196716416,Wheeling,Wheeling
158,0.0022978379170581777,0.007808592836308056,0.0020689057451874627,0.002117842467217558,0.0012556199875474097,0.9844512010466812,Wheeling,Wheeling
159,0.0022656076150719207,0.009084039663637798,0.0009911466642514232,0.0022377405424437377,0.0011904880847080287,0.9842309774298869,Wheeling,Wheeling
160,0.002271338719223339,0.010319664886404829,0.0019705037065437993,0.002163691671567689,0.0017569135085778002,0.9815178875076827,Wheeling,Wheeling
161,0.0023736666207418403,0.0049533055438495096,0.002716054035976093,0.001543987147116262,0.0012314895956404715,0.987181497056676,Wheeling,Wheeling
162,0.0020611178887200965,0.01975852533078673,0.0012196545253730158,0.00443267831629535,0.002263203339158642,0.9702648205996663,Wheeling,Wheeling
163,0.0020802123884887556,0.0580636533069037,0.0019083452671395241,0.0017073078796764204,0.0008196653671082071,0.9354208157906833,Wheeling,Wheeling
164,0.0023187727411501506,0.3122525077899873,0.0030105672689474195,0.0027486499981085972,0.00137229631566234,0.6782972058861442,Wheeling,Wheeling
165,0.0022096929781889327,0.02412998800857827,0.013037804204597115,0.0100404583448847,0.008199945552962237,0.942382110910789,Wheeling,Wheeling
166,0.0024494735226808727,0.3019957010767124,0.034465097477633586,0.023192013720267496,0.01186190468539,0.6260358095173152,Wheeling,Wheeling
167,0.9724829509331958,0.0040139643713819105,0.004961466487120787,0.005243920230775454,0.009119344850315647,0.004178353127210415,Lying,Lying
168,0.9720581014599512,0.00305974457660035,0.0037143571180705006,0.008081436881988991,0.009937121069249,0.003149238894139921,Lying,Lying
169,0.9741918488016158,0.0030570215194856845,0.004850101276499124,0.005548460768849836,0.00921430144706914,0.0031382661864803535,Lying,Lying
170,0.9683336288112201,0.0034657585900294864,0.005558062815781164,0.008856665687086738,0.010443928664527714,0.0033419554313545525,Lying,Lying
171,0.9652297170845331,0.003290306241181673,0.0050136864023834415,0.009869095369597654,0.012616000246041233,0.003981194656262989,Lying,Lying
172,0.9661650384394358,0.0032756190551210063,0.005579793763234747,0.007962770023468213,0.013285236001414059,0.0037315427173263012,Lying,Lying
173,0.9698574303876468,0.003161579741763432,0.004956573613660565,0.008044708278478942,0.01084465198506051,0.0031350559933896738,Lying,Lying
174,0.9700810008234497,0.0030981246210093644,0.005077769923651144,0.007908853224198658,0.010718089968111758,0.0031161614395790937,Lying,Lying
175,0.9693760783918123,0.0031308468653020007,0.0038671734714938815,0.009818905333815842,0.010705804319644888,0.0031011916179314865,Lying,Lying
176,0.9677477287558692,0.0032102347341273285,0.004583309835754289,0.01025468851450627,0.011015531863135933,0.0031885062966065703,Lying,Lying
177,0.9673657675060364,0.0032915839177644454,0.00419680834934439,0.012229390914159676,0.009648161105110676,0.0032682882075844833,Lying,Lying
178,0.9684478003718274,0.0029892301730708097,0.005806009470229729,0.0047513138883111036,0.014011469813250558,0.003994176283310362,Lying,Lying
179,0.9684478003718274,0.0029892301730708097,0.005806009470229729,0.0047513138883111036,0.014011469813250558,0.003994176283310362,Lying,Lying
180,0.9614242405638309,0.003265554570214884,0.00684102995971315,0.010093047168421212,0.01446884756272353,0.003907280175096561,Lying,Lying
181,0.9682111681354147,0.002996018269733834,0.004874472995261396,0.009188264082224827,0.011670351225874107,0.003059725291490957,Lying,Lying
182,0.9701636301679777,0.0028892129506888566,0.00493569635784249,0.007063982390245915,0.011757089998551675,0.0031903881346933703,Lying,Lying
183,0.9649840112063205,0.00322341547204704,0.005137279119226867,0.01298847294850975,0.009871148442547264,0.003795672811348721,Lying,Lying
184,0.9724537630540059,0.002850823967501761,0.004562653132315878,0.008350958052282097,0.009155252422848125,0.002626549371046553,Lying,Lying
185,0.9752581245536575,0.0025940489623933758,0.002383311219643175,0.011325837406046084,0.005645677440858145,0.0027930004174018057,Lying,Lying
186,0.003072688852778238,0.003385302110828438,0.011758074881286287,0.9429127239700134,0.03561508100215789,0.0032561291829356445,Standing,Standing
187,0.002897840346801793,0.002648446772130317,0.007913890200535153,0.9720639860185961,0.012142091616437567,0.002333745045499334,Standing,Standing
188,0.002796281144098822,0.0035309522405569367,0.006052578093871192,0.9648377661924734,0.02105379277737587,0.0017286295516236963,Standing,Standing
189,0.003211856339252879,0.003436925053593846,0.006061543449665319,0.9722770171557078,0.012595700356233263,0.0024169576455468477,Standing,Standing
190,0.0026882807952134866,0.0032042958570018512,0.0056802647839465726,0.954747911381013,0.0323681007105448,0.0013111464722803867,Standing,Standing
191,0.002956381437235138,0.003600438903869785,0.011377898925154468,0.9273069233937078,0.052560313249961826,0.002198044090071553,Standing,Standing
192,0.002850267482845258,0.00294059039649266,0.0026407277942702687,0.9843311197718352,0.006378131141974532,0.000859163412581926,Standing,Standing
193,0.002908645839070833,0.003187119777533571,0.0017164291302266966,0.9884163318100114,0.00022434567998127456,0.0035471277631762663,Standing,Standing
194,0.0036882523570288426,0.0052849870324605825,0.04156378474356491,0.7810494030435499,0.15924354745099,0.009170025372405908,Standing,Standing
195,0.0030899031095572636,0.0029611476145539354,0.004434007662565877,0.9746098703381216,0.013488721874949016,0.0014163494002520788,Standing,Standing
196,0.0029273165874608834,0.003359822550995248,0.010331790605341564,0.9485785485494902,0.032719803524222525,0.0020827181824897853,Standing,Standing
197,0.0032042006579417596,0.003433512172128804,0.006626823670624692,0.9711246143436307,0.01307369948114694,0.0025371496745274533,Standing,Standing
198,0.002804907730548352,0.0032314599224753985,0.0052784452965913406,0.9832171071357108,0.004421336607784263,0.0010467433068901573,Standing,Standing
199,0.0027670988341005503,0.0032424458056899315,0.010912068941168253,0.9549992816706722,0.02567916183373152,0.002399942914637784,Standing,Standing
200,0.0028272333372374907,0.0033624048484859623,0.006621622840220939,0.962878061047052,0.022010725488320577,0.0022999524386830643,Standing,Standing
201,0.0030565408089225517,0.003377022556483783,0.002788437279796472,0.9862291698673806,0.0022858922815358457,0.0022629372058806563,Standing,Standing
202,0.002847480063918659,0.00309457335603206,0.008553746570350334,0.9740042959810238,0.009642857095254078,0.0018570469334211494,Standing,Standing
203,0.002896276124655573,0.0032446751592270103,0.008622853469694573,0.98157757214696,0.0007777013389884427,0.0028809217604744263,Standing,Standing
204,0.0027592372361257447,0.0035454872394715476,0.00782925643493138,0.9836425685552267,0.0005797568152467436,0.0016436937189977358,Standing,Standing
205,0.0028114750575040093,0.003968607884300708,0.005417526606304091,0.9823341399512591,0.003430512321180105,0.002037738179452554,Standing,Standing
206,0.0027384133111222754,0.003641187439074977,0.007200026302716529,0.975745507133058,0.007969488369695153,0.002705377444333129,Standing,Standing
207,0.0031464860548736334,0.0027460310373264396,0.008189625192216473,0.9617342734844447,0.023104407774721076,0.0010791764564176275,Standing,Standing
208,0.0026001663047950222,0.008176694644562178,0.04887235077199503,0.9289171960887683,0.007358126301915198,0.004075465887964051,Standing,Walking
209,0.0015439812885198719,0.0030680681901838246,0.03822146397067268,0.029816069098441835,0.9251957607520166,0.002154656700165663,Walking,Walking
210,0.0016843828668876074,0.0018127032184122175,0.021011977143181187,0.004484426674561951,0.9685017640913646,0.0025047460055924887,Walking,Walking
211,0.0016220754615378296,0.0027309181487503494,0.033329901431019396,0.015093747695573438,0.9446102676399063,0.0026130896232126077,Walking,Walking
212,0.0019423280378174177,0.0021511883957380474,0.044266012905469686,0.012180440702120977,0.9370572693221717,0.002402760636682003,Walking,Walking
213,0.0019721118281908834,0.001565908010155787,0.02696366247556182,0.01472884293778588,0.953079853563396,0.001689621184909734,Walking,Walking
214,0.002151652599348658,0.0020989479322326625,0.058175651425200786,0.04756532114719396,0.8883405173786458,0.0016679095173782444,Walking,Walking
215,0.002108721672889244,0.0016262999277338406,0.02961480019887676,0.007884613686308441,0.9573574614427361,0.0014081030714555075,Walking,Walking
216,0.0020053863922722907,0.0017526972457263964,0.015692192383142876,0.04118015357454028,0.9378190750095626,0.0015504953947555926,Walking,Walking
217,0.006248844309219203,0.0052960185120908025,0.6112735721261195,0.054836540169747434,0.31269364473693156,0.009651380145891625,StairClimbing,Walking
218,0.0034229574760775514,0.0017358847555285042,0.2637010081730796,0.0065914951640950225,0.7212347055966235,0.003313948834595463,Walking,Walking
219,0.0031204569752736246,0.001859419074782849,0.3081814337756294,0.006916515718112934,0.6758230516314989,0.004099122824702481,Walking,Walking
220,0.0022035312761882605,0.001917347259506525,0.19265742503255118,0.005018665602261806,0.7936056800919963,0.004597350737496146,Walking,Walking
221,0.0018610087773763538,0.0016692898146651901,0.04849988191848703,0.007757044316346948,0.9381038062054435,0.00210896896768118,Walking,Walking
222,0.0017037069856711124,0.002447211907380488,0.06016519970213483,0.008198918484650923,0.9239045344191165,0.003580428501046103,Walking,Walking
223,0.002137842600589926,0.0017176211696031088,0.13101014794518465,0.004738751765058449,0.8576832287799087,0.0027124077396550876,Walking,Walking
224,0.0029641801563075336,0.0026540199622316174,0.23171356406865384,0.023957763236531305,0.7359729463601247,0.002737526216151193,Walking,Walking
225,0.002376955803020197,0.0029204665964496935,0.02747814234501336,0.04851662574486111,0.9170712792234932,0.0016365302871623924,Walking,Walking
226,0.0025974390909546726,0.002806381250834454,0.16308465102092418,0.013250529849097617,0.8152139280533938,0.0030470707347953776,Walking,Walking
227,0.002209533759233839,0.0015706009860949784,0.08136491863791373,0.0017575080861880039,0.9109351339849172,0.002162304545652406,Walking,Walking
228,0.0020687476264700955,0.00150284018553251,0.06492718192042041,0.007616191466830466,0.9217567126149,0.0021283261858465966,Walking,Walking
229,0.002584572134904711,0.0016804221606983348,0.1564244110432336,0.002162639859280092,0.834475389720537,0.0026725650813460185,Walking,Walking
230,0.006739878837310421,0.0027176381201215174,0.7593647639709018,0.004469133717587335,0.2247992576902168,0.0019093276638622047,StairClimbing,Walking
231,0.0028100299655223157,0.002328045680311556,0.28725732745409394,0.001904942383116515,0.7017281297287535,0.003971524788201889,Walking,Walking
232,0.0019046594346219913,0.002890943528722776,0.05502366296479973,0.0037235291977958,0.9328190646087876,0.0036381402652721196,Walking,Walking
233,0.0023507866444656953,0.003205548748670279,0.08286821956328248,0.0257419752810637,0.8835236090215824,0.0023098607409353248,Walking,Walking
234,0.002468071469008694,0.007895037261394025,0.1072261678277076,0.26705319051037074,0.6084049788752169,0.006952554056301867,Walking,Walking
235,0.002166290150826131,0.0047238876196019275,0.08209152381034365,0.11251699551731964,0.795629398095552,0.00287190480635659,Walking,Walking
236,0.002592752971701536,0.007506093109011547,0.24566888220925992,0.05852025967692903,0.6810125001958608,0.004699511837236849,Walking,Walking
237,0.0020188586030605218,0.006315892219500225,0.2092407366561769,0.04038270480356295,0.7360412820525926,0.00600052566510694,Walking,Walking
238,0.0024837489819858325,0.004315490576945537,0.08157272827530504,0.02516772815530761,0.8837362024794696,0.002724101530986054,Walking,Walking
239,0.0024039899910406675,0.00605624708311393,0.16468964317736268,0.041095276385087254,0.7823104971571359,0.003444346206259441,Walking,Walking
240,0.0024535370019965444,0.006258214823647452,0.180967048349948,0.04772843946079842,0.7584574233413088,0.00413533702230083,Walking,Walking
241,0.0020977088292461355,0.0058052047375597654,0.17110117730767385,0.04060784667860539,0.776163576020437,0.004224486426477723,Walking,Walking
242,0.002307097164876895,0.004204070061855318,0.10409971782211043,0.03926389559899386,0.8475174394642201,0.0026077798879435062,Walking,Walking
243,0.002496021124315308,0.006155274433601171,0.16490800926485413,0.03179430040965186,0.7907191870736973,0.003927207693880232,Walking,Walking
244,0.00203606499861553,0.005494372129015241,0.1847310884068515,0.02391021786481544,0.7782353221718399,0.005592934428862079,Walking,Walking
245,0.0017862728641800287,0.0031858267330799636,0.027108168661099257,0.033903345291515036,0.930747885531851,0.0032685009182747446,Walking,Walking
246,0.0019043797046599496,0.003900907661446718,0.07046189580794074,0.013524596889917449,0.9062647980259221,0.003943421910113221,Walking,Walking
247,0.002627009913962927,0.005630208993756771,0.1588601913954307,0.039909830013294276,0.7892068875886394,0.0037658720949156656,Walking,Walking
248,0.001826658823241939,0.00421740926328356,0.07716601408459815,0.037487474876515436,0.8760216823246582,0.003280760627702873,Walking,Walking
249,0.0018174466909115707,0.0044200159680096406,0.06405734169141304,0.03708023885123165,0.8892017399469966,0.003423216851437503,Walking,Walking
250,0.0015598141201554928,0.005113722295914062,0.04680020652682201,0.014083657159180517,0.9258639709417311,0.006578628956196895,Walking,Walking
251,0.0018594647102608143,0.003997852968672101,0.0640489454995596,0.03275752666924442,0.893755253606796,0.0035809565454670623,Walking,Walking
252,0.0023492118793120393,0.004355515203879642,0.1419487214057698,0.015968113991407504,0.8313344213638306,0.004044016155800059,Walking,Walking
253,0.001480433504876056,0.004505087755673638,0.057608628936179816,0.012517856089938098,0.9179756784125629,0.005912315300769582,Walking,Walking
254,0.001885700634199086,0.002917677894896795,0.046994637590231536,0.03961575978843005,0.9063636945304873,0.0022225295617553324,Walking,Walking
255,0.002037872123162502,0.005016288107753647,0.10863236384308074,0.08798855633808078,0.7927688602780449,0.0035560593098771165,Walking,Walking
256,0.001962156323385834,0.004583527948774719,0.07797645377582643,0.07737714730877561,0.8358282288466454,0.002272485796591666,Walking,Walking
257,0.0015685618661245226,0.0029795817399631635,0.02719680549502488,0.025478569259198454,0.9394175302943686,0.00335895134532005,Walking,Walking
258,0.0016173351945920082,0.0032832894647236736,0.029738589904614216,0.02393982455946166,0.9379908387686086,0.003430122108000204,Walking,Walking
259,0.0016771920280372215,0.0029497663684447686,0.045464948815079016,0.026467477685185835,0.9208804287695569,0.002560186333696446,Walking,Walking
260,0.0021122444352442743,0.004485798408459115,0.1320884189458244,0.030770670471721783,0.8274155187140961,0.003127349024654406,Walking,Walking
261,0.0018126760313176486,0.0024545864117570056,0.062343913697199195,0.005819049204178534,0.9242964833578836,0.003273291297663755,Walking,Walking
262,0.0017540510492702881,0.0021085547585820283,0.08725715596991922,0.003628636559100287,0.9021250323755512,0.0031265692875765117,Walking,Walking
263,0.0020393680899007576,0.0023536947724778243,0.09955753869242219,0.008731982325297332,0.8848078422009924,0.002509573918909562,Walking,Walking
264,0.0018043468202239487,0.001502730209783477,0.027764094571814262,0.006673773912461385,0.9599895489715556,0.002265505514161539,Walking,Walking
265,0.0022459427612783614,0.0019250099823204508,0.1098121257458477,0.005422636198916157,0.8779091525281117,0.0026851327835254193,Walking,Walking
266,0.0020547410886784232,0.0018979341952260372,0.04658244209383414,0.005145863295484054,0.9423348172851052,0.0019842020416721007,Walking,Walking
267,0.003391218686027011,0.001197155625040894,0.03417670117184302,0.03500429940670852,0.9253388041796945,0.0008918209306858855,Walking,Walking
268,0.002313104904375226,0.0038931549290972902,0.06790182865429659,0.15098646323337436,0.7713354263711216,0.0035700219077349888,Walking,Standing
269,0.0029941263950707497,0.006251016496786364,0.019791424162163142,0.8896199116626478,0.0768324056170648,0.004511115666266977,Standing,Standing
270,0.0024238913728666356,0.005268453308262037,0.005572878575826773,0.9798883382011634,0.0049763786633775075,0.0018700598785035584,Standing,Standing
271,0.0023401721297549812,0.007179782803287277,0.019117084818756184,0.950335342045348,0.01743117725835503,0.0035964409444985885,Standing,Standing
272,0.0023837964650925336,0.004483832826772379,0.009199785957465588,0.949538646345996,0.03119266730736313,0.0032012710973107397,Standing,Standing
273,0.0028421263268097866,0.0078423657322797,0.01201746517710424,0.9367696280380323,0.03445587752428648,0.006072537201487159,Standing,Standing
274,0.0024043077794055137,0.004792037557459982,0.0030522397140172867,0.9763237266769712,0.010150715872775462,0.003276972399370653,Standing,Standing
275,0.002421119673644326,0.0061556917548668015,0.020100846799973014,0.9077061204126629,0.06050791484408608,0.0031083065147670865,Standing,Standing
276,0.0022477832852118057,0.005479379715981859,0.007145082723930088,0.9656594695454417,0.016430244422772196,0.0030380403066624104,Standing,Standing
