,0,1,2,3,4,5,modelStates,target
0,0.964066170097304,0.01509324996656241,0.006043687559948034,0.004005777843105484,0.0039428612442689425,0.0068482532888111125,Lying,Lying
1,0.9589728557180912,0.016602077425913648,0.00755330982730459,0.0047819641990278685,0.0037669159779942707,0.008322876851668406,Lying,Lying
2,0.962678649295855,0.015302012497891471,0.00733613279827241,0.0042325965486263014,0.003406107385803891,0.00704450147355105,Lying,Lying
3,0.9644555208914195,0.014902994637920273,0.006073033507422755,0.004118985814847555,0.0037448133901314185,0.006704651758258453,Lying,Lying
4,0.960076737903458,0.015258617246734024,0.007900632785168844,0.0048440419015039525,0.0038494048488963294,0.008070565314238892,Lying,Lying
5,0.9626164158360586,0.015258469858436138,0.0070403287414406,0.004405765996195184,0.0033431513460378042,0.007335868221831487,Lying,Lying
6,0.9639854690498738,0.014919077492099395,0.0069852767351471475,0.004080873290227382,0.003273322896260672,0.006755980536391904,Lying,Lying
7,0.9635854149566668,0.015057220601614522,0.0069723963105245545,0.004247271030482901,0.0031796940053554126,0.006958003095355651,Lying,Lying
8,0.9616614447971829,0.015893408418492506,0.006516400801371908,0.004740137412656023,0.003593113351351821,0.007595495218944691,Lying,Lying
9,0.9580109093084369,0.01655556842323621,0.007844924795757564,0.0062172887210134335,0.003117878182508489,0.008253430569047537,Lying,Lying
10,0.9587424571246843,0.017777467066193473,0.007116493314762852,0.004454404192200143,0.00419497016493927,0.007714208137219667,Lying,Lying
11,0.9587424571246843,0.017777467066193473,0.007116493314762852,0.004454404192200143,0.00419497016493927,0.007714208137219667,Lying,Lying
12,0.9587424571246843,0.017777467066193473,0.007116493314762852,0.004454404192200143,0.00419497016493927,0.007714208137219667,Lying,Lying
13,0.9587424571246843,0.017777467066193473,0.007116493314762852,0.004454404192200143,0.00419497016493927,0.007714208137219667,Lying,Lying
14,0.9587424571246843,0.017777467066193473,0.007116493314762852,0.004454404192200143,0.00419497016493927,0.007714208137219667,Lying,Lying
15,0.9587424571246843,0.017777467066193473,0.007116493314762852,0.004454404192200143,0.00419497016493927,0.007714208137219667,Lying,Lying
16,0.9587424571246843,0.017777467066193473,0.007116493314762852,0.004454404192200143,0.00419497016493927,0.007714208137219667,Lying,Lying
17,0.9587424571246843,0.017777467066193473,0.007116493314762852,0.004454404192200143,0.00419497016493927,0.007714208137219667,Lying,Lying
18,0.9587424571246843,0.017777467066193473,0.007116493314762852,0.004454404192200143,0.00419497016493927,0.007714208137219667,Lying,Lying
19,0.9552770450339098,0.014347860846182739,0.011780316064179052,0.0024920124790572154,0.007082545306156107,0.009020220270515321,Lying,Lying
20,0.0030036076121153573,0.9448741466590782,0.0034899110602886006,0.024158443031735914,0.004436757080996832,0.02003713455578496,Sitting,Sitting
21,0.003145065575202607,0.8468772727902992,0.00891956672851369,0.11067429764496739,0.005835202301155849,0.02454859495986128,Sitting,Sitting
22,0.0037145281826565435,0.9210895240193003,0.021928902332047077,0.016288047741446123,0.01700832834189776,0.019970669382652535,Sitting,Sitting
23,0.0031896263744500258,0.7816433771573108,0.01912726176695156,0.128244348861031,0.009398461124990307,0.05839692471526637,Sitting,Sitting
24,0.0032416128550584603,0.941769115085638,0.0100458904811254,0.024770540350964966,0.00833086565927454,0.011841975567938564,Sitting,Sitting
25,0.013856699017234938,0.4624606974121547,0.04511593237216332,0.24069544169674267,0.024922036136582167,0.21294919336512197,Sitting,Sitting
26,0.00330884255002074,0.8312717957329133,0.022374117265883238,0.060757739245625435,0.007369451743520121,0.07491805346203699,Sitting,Sitting
27,0.0032212714355739735,0.7699353089879555,0.008069523973544011,0.16114424854893858,0.004379093159523162,0.05325055389446488,Sitting,Sitting
28,0.003122916607136506,0.8771152597015751,0.009381449840959072,0.06542397554803955,0.005342806647554807,0.03961359165473508,Sitting,Sitting
29,0.003248670383149935,0.9488798513947525,0.007687596625849513,0.017330776971074508,0.006417091013385131,0.01643601361178842,Sitting,Sitting
30,0.003407744823501131,0.9597490816918895,0.01227250839889487,0.006177505140856615,0.007173434346594598,0.011219725598262979,Sitting,Sitting
31,0.003937862676961617,0.6537741269811169,0.008413611387763963,0.2716780278728659,0.004378082071353884,0.057818289009937844,Sitting,Sitting
32,0.003937862676961617,0.6537741269811169,0.008413611387763963,0.2716780278728659,0.004378082071353884,0.057818289009937844,Sitting,Sitting
33,0.003417184794879994,0.9748512336595714,0.004916876826117647,0.003911932526431034,0.006445637244528262,0.0064571349484713915,Sitting,Sitting
34,0.0035629732837265957,0.9207530821508569,0.015139682793745463,0.010980803696122136,0.010775069585807914,0.03878838848974094,Sitting,Sitting
35,0.002806186950386906,0.9612073082425894,0.0031560568947244265,0.014522211542835856,0.0023389018124197972,0.015969334557044104,Sitting,Sitting
36,0.003035743376348759,0.8327115492988661,0.013045031926150837,0.029919872709388718,0.0059319537735131175,0.11535584891573238,Sitting,Sitting
37,0.002742842578311561,0.9226600381975414,0.007388911591150839,0.015852126296584928,0.004381886429994106,0.046974194906416904,Sitting,Sitting
38,0.002870422069577498,0.9814227800048353,0.0029708818336343047,0.006825635066625698,0.0028043080080569693,0.003105973017270128,Sitting,Sitting
39,0.002870422069577498,0.9814227800048353,0.0029708818336343047,0.006825635066625698,0.0028043080080569693,0.003105973017270128,Sitting,Sitting
40,0.00455883151470586,0.561283952070636,0.09917843811560023,0.2524747721363119,0.055056462015825015,0.027447544146921243,Sitting,Standing
41,0.00346131989340576,0.3565721636829608,0.053011322783662905,0.5294436201306426,0.029933936743336803,0.027577636765990874,Standing,Standing
42,0.0035964460875205066,0.027157684712637145,0.021809387582663212,0.937128860372864,0.0034464850402763517,0.006861136204038952,Standing,Standing
43,0.0035964460875205066,0.027157684712637145,0.021809387582663212,0.937128860372864,0.0034464850402763517,0.006861136204038952,Standing,Standing
44,0.0035964460875205066,0.027157684712637145,0.021809387582663212,0.937128860372864,0.0034464850402763517,0.006861136204038952,Standing,Standing
45,0.0035964460875205066,0.027157684712637145,0.021809387582663212,0.937128860372864,0.0034464850402763517,0.006861136204038952,Standing,Standing
46,0.0035964460875205066,0.027157684712637145,0.021809387582663212,0.937128860372864,0.0034464850402763517,0.006861136204038952,Standing,Standing
47,0.0035964460875205066,0.027157684712637145,0.021809387582663212,0.937128860372864,0.0034464850402763517,0.006861136204038952,Standing,Standing
48,0.0035964460875205066,0.027157684712637145,0.021809387582663212,0.937128860372864,0.0034464850402763517,0.006861136204038952,Standing,Standing
49,0.0035964460875205066,0.027157684712637145,0.021809387582663212,0.937128860372864,0.0034464850402763517,0.006861136204038952,Standing,Standing
50,0.0035964460875205066,0.027157684712637145,0.021809387582663212,0.937128860372864,0.0034464850402763517,0.006861136204038952,Standing,Standing
51,0.0035964460875205066,0.027157684712637145,0.021809387582663212,0.937128860372864,0.0034464850402763517,0.006861136204038952,Standing,Standing
52,0.0033138962346247296,0.42256567316369664,0.048500248578006167,0.47583603330589974,0.023204224560622034,0.026579924157150724,Sitting,Standing
53,0.0010227181208331206,0.01326572641908418,0.0032867831057295047,0.001417519981291853,0.0016519812368952444,0.9793552711361659,Wheeling,Wheeling
54,0.001006040101437918,0.003254480686399095,0.005242657080101557,0.001679666092193227,0.001218819158718326,0.9875983368811498,Wheeling,Wheeling
55,0.0010539257343332952,0.019581094359988102,0.0017406977261599109,0.01598981056469927,0.0010175132636484508,0.9606169583511706,Wheeling,Wheeling
56,0.0012231804431409872,0.04952736246080555,0.0007401781662284872,0.0009148204840539228,0.0005366904854887935,0.9470577679602822,Wheeling,Wheeling
57,0.0011334506662467013,0.013009512187191522,0.0013734595941021625,0.0005783132342519906,0.0005856571382345006,0.9833196071799731,Wheeling,Wheeling
58,0.0011182630151811042,0.006187235605842536,0.0017773777081499496,0.0004461369319031749,0.0007568139831889674,0.989714172755734,Wheeling,Wheeling
59,0.0012386785771506309,0.0075624493021086816,0.00016470024139894225,0.00023860901775842416,0.00014404945957040478,0.990651513402013,Wheeling,Wheeling
60,0.0011893005796209115,0.007704937402806254,0.0004492428627285203,0.00021076043066616855,0.0003741374995468021,0.9900716212246313,Wheeling,Wheeling
61,0.0011785301908554193,0.024419934256684206,0.0007630704940938475,0.000919491315176002,0.0005655392315105327,0.97215343451168,Wheeling,Wheeling
62,0.0010804994395845493,0.007000973004018539,0.0005073411568790768,0.0008798132440594174,0.00042204015829535544,0.9901093329971631,Wheeling,Wheeling
63,0.001138069092004147,0.0023512076815973824,0.00020182505972242038,0.0003314365806319671,0.00017472130523298493,0.9958027402808111,Wheeling,Wheeling
64,0.001096778642080235,0.0072818546370138765,0.00026655702387044057,0.000726338117677081,0.00024445667017125426,0.9903840149091873,Wheeling,Wheeling
65,0.001142512753038658,0.020523286706732185,0.00010113451154946972,0.0003767624910405351,0.0001289000803876972,0.9777274034572516,Wheeling,Wheeling
66,0.0013956337609872793,0.03795780583346613,0.0003871431683808043,0.0002464205457269603,0.00023491518853610758,0.9597780815029028,Wheeling,Wheeling
67,0.0011804666224378454,0.02014031334541583,0.00026558453029352326,0.00033367287949819034,0.0002528076899281583,0.9778271549324264,Wheeling,Wheeling
68,0.0013629716342426156,0.02992272209052459,0.00023599555501443775,0.0002388512323822748,0.00021203187656899727,0.968027427611267,Wheeling,Wheeling
69,0.001185723113907158,0.017355469127377784,0.000282987174201775,0.0003907994166300957,0.0002228204923850732,0.9805622006754982,Wheeling,Wheeling
70,0.0012247307822161504,0.00693787600983217,0.0003981240371388602,0.0009137630167571223,0.0002690806413607649,0.9902564255126949,Wheeling,Wheeling
71,0.0011623458015045007,0.011955186617032047,0.0008161971392098481,0.0030470545342781174,0.0008483811645061276,0.982170834743469,Wheeling,Wheeling
72,0.001931613060964901,0.009661446852190569,0.15735524713280935,0.0013363709120668232,0.00616274828606444,0.8235525737559037,Wheeling,Wheeling
73,0.0013457338634022015,0.12180690953083106,0.0016313854442306357,0.005012570284885542,0.0012938824719195055,0.8689095184047312,Wheeling,Wheeling
74,0.0012481192067434572,0.02131566392940328,0.0022083782029253536,0.010813862620716753,0.0017793999282702986,0.9626345761119409,Wheeling,Wheeling
75,0.0011362785318216892,0.005827482122336817,0.001278693577793014,0.004579569153863173,0.0008675208859364427,0.9863104557282487,Wheeling,Wheeling
76,0.0011679423030670287,0.01044196912521036,0.0011144597115796922,0.003907306010265051,0.0008412832576784015,0.9825270395921998,Wheeling,Wheeling
77,0.0011119886933776098,0.008128118551917394,0.0008535286392380626,0.00651120237358498,0.0007239763570494189,0.9826711853848326,Wheeling,Wheeling
78,0.0011245378746475648,0.022564457271897622,0.0003778049925237414,0.005423433848085776,0.0004400920889023613,0.9700696739239428,Wheeling,Wheeling
79,0.0012820734174606755,0.026543333250827562,0.0009986008413303896,0.004557693852864761,0.0009215130316044353,0.9656967856059121,Wheeling,Wheeling
80,0.0012247656927718545,0.02205677198566345,0.001208415713806397,0.00506356903569694,0.001016318778773362,0.9694301587932879,Wheeling,Wheeling
81,0.0010947685501081453,0.002988172619125237,0.0007779279266882257,0.003458497758189918,0.000723431635655305,0.9909572015102331,Wheeling,Wheeling
82,0.001068692323601098,0.003952927985189797,0.0013550550209448765,0.00633896253088919,0.0007819349087984523,0.9865024272305766,Wheeling,Wheeling
83,0.0010108320440100549,0.002788386661349543,0.0004951184412147283,0.007430503527634944,0.00043305824056164396,0.9878421010852292,Wheeling,Wheeling
84,0.0011461395801773307,0.011366108995389078,0.0011663281521063675,0.004164536387437095,0.0008398894502470282,0.9813169974346432,Wheeling,Wheeling
85,0.0011827699488355808,0.015997771517897837,0.0007352796177911908,0.005257050462360226,0.0005995561353897074,0.9762275723177253,Wheeling,Wheeling
86,0.0011751684428942448,0.05150672611517028,0.0006841091024612542,0.002244019640902495,0.0004509926349537525,0.9439389840636182,Wheeling,Wheeling
87,0.0010831206437917189,0.003522446228050388,0.0006335796000055051,0.00480015652591707,0.0005291824972570361,0.9894315145049782,Wheeling,Wheeling
88,0.0012490574363949677,0.0740888790542171,0.0007151207508724644,0.002454834417858699,0.0006333814829431666,0.9208587268577134,Wheeling,Wheeling
89,0.0013329996444266536,0.03723464005499061,0.0007711841369544249,0.004935600622595878,0.0006718974711509378,0.9550536780698815,Wheeling,Wheeling
90,0.0010809787021416077,0.009821501238763262,0.0009916022422534173,0.006594153236770942,0.0006166599172798718,0.980895104662791,Wheeling,Wheeling
91,0.0011949103498026647,0.02777730287249804,0.0008522202286331818,0.004886470467477136,0.000715173181949269,0.9645739228996396,Wheeling,Wheeling
92,0.001107118518507127,0.01586623804829417,0.0006644628454557278,0.012036157288855263,0.00061428443430328,0.9697117388645843,Wheeling,Wheeling
93,0.0012199969336295722,0.015496813719582763,0.0017130736496052807,0.014110397100014311,0.0009973925757462648,0.9664623260214219,Wheeling,Wheeling
94,0.0011840057938176517,0.005278841127541746,0.001716755586488845,0.014447708864825189,0.0009517706555568698,0.9764209179717697,Wheeling,Wheeling
95,0.0012896797941477339,0.059452461772118,0.0010733028599503999,0.004456311228418571,0.0006537341469598858,0.9330745101984054,Wheeling,Wheeling
96,0.0009949251989567376,0.0022072285832212177,0.0005638896786232491,0.0049523419135630055,0.00039675120563567535,0.9908848634199998,Wheeling,Wheeling
97,0.0011428696510572985,0.013114745542972909,0.001133757488678665,0.0036580585177271602,0.0006750813224675628,0.9802754874770965,Wheeling,Wheeling
98,0.001158091765221906,0.010396128625315372,0.0023122405329376594,0.004040005530161017,0.0010811941456932133,0.9810123394006709,Wheeling,Wheeling
99,0.0011163140596970084,0.0705619029838128,0.0006481299146566964,0.007234662172200394,0.0006738060693858728,0.9197651848002472,Wheeling,Wheeling
100,0.0013711262506879201,0.15151990403305216,0.001947155386807251,0.005096560186781545,0.0012710905981564112,0.8387941635445146,Wheeling,Wheeling
101,0.0011625536024965875,0.019762480026840133,0.0011615171120629992,0.005286008332303891,0.0009839014609271412,0.971643539465369,Wheeling,Wheeling
102,0.0011969401072221353,0.015838455078386774,0.002381070731813363,0.013159621882402169,0.0011741250743259727,0.9662497871258497,Wheeling,Wheeling
103,0.0011651154462371167,0.021058211821283018,0.0017651216301123934,0.008682064361717515,0.0011548793445928887,0.9661746073960569,Wheeling,Wheeling
104,0.0009843071684592346,0.026918100965256042,0.0003717558705121499,0.007414167766559521,0.0005296499094471997,0.9637820183197658,Wheeling,Wheeling
105,0.0009626413346582647,0.00433847956633054,0.0006803287755746691,0.003017867115877576,0.0005240316013860728,0.9904766516061732,Wheeling,Wheeling
106,0.0009518225636584142,0.019619441258752843,0.0010226595264751501,0.0059114118650430945,0.0006976241969520627,0.9717970405891183,Wheeling,Wheeling
107,0.0009884889293775225,0.016332381279689934,0.0010342375058637167,0.006434852628849179,0.0008604560625281411,0.9743495835936915,Wheeling,Wheeling
108,0.0010663915391357862,0.009909877994419891,0.00267639082490548,0.015372356831282394,0.0012110938821914025,0.9697638889280653,Wheeling,Wheeling
109,0.0011405778995868428,0.07668639917060249,0.0012563500564751076,0.012085686408531679,0.0010247116626710625,0.9078062748021326,Wheeling,Wheeling
110,0.001490333257017419,0.00043570876588202787,0.019857288561312907,0.00010338365719419239,0.9765224447862932,0.0015908409723000077,Walking,Walking
111,0.0009705931891305704,9.240572335627257e-05,0.0003397284662437401,1.571476526355026e-05,0.9984042565058873,0.00017730135011867972,Walking,Walking
112,0.0012149526254088792,8.411359812410702e-05,0.0008523698485405107,3.824790862423557e-05,0.9966776972163093,0.0011326188029934959,Walking,Walking
113,0.001841726913641363,0.005153694555854131,0.019732029072399952,0.004582518900246935,0.9673529252039325,0.0013371053539249485,Walking,Walking
114,0.0023011958648396502,0.0026523478392826523,0.30843718815131765,0.004546902275664054,0.6771601531361781,0.004902212732717873,Walking,Walking
115,0.002057032478296726,0.0036394154322223014,0.05931776729337182,0.0032939630654446324,0.9296484097492157,0.002043411981448909,Walking,Walking
116,0.0013973508844544902,0.0010739370484552134,0.0038899260494737247,0.0001703647227996634,0.9922975031537008,0.0011709181411162285,Walking,Walking
117,0.0020542939160630327,0.005166699372563815,0.11786604734034976,0.0060706117596782015,0.8647852732848463,0.004057074326498551,Walking,Walking
118,0.0013213718934116468,0.0003712443660988715,0.011152526278416978,8.466262247651514e-05,0.9860793710598267,0.000990823779769531,Walking,Walking
119,0.0016109360641412562,0.0013553073239707884,0.01588354722387918,0.0005406820203510081,0.9795785450938039,0.001030982273854074,Walking,Walking
120,0.0017401797978397085,0.003927251987241343,0.01101452224129803,0.0014001568104081705,0.9809987856638194,0.0009191034993931447,Walking,Walking
121,0.0013435905406400629,9.172532010049766e-05,0.0008746660661298417,4.0528407861124833e-05,0.9961137201037142,0.0015357695615541565,Walking,Walking
122,0.0018213720976480983,0.0019394222950363462,0.03700004822963896,0.0007513381658542643,0.9563539074344191,0.0021339117774031207,Walking,Walking
123,0.0017112477816494968,0.0019733295796913203,0.017879349863722246,0.000573849904421301,0.9763139671946296,0.001548255675886034,Walking,Walking
124,0.001957263828405733,0.004340989944888826,0.04514405660291835,0.0020394326028473067,0.9428832281424827,0.0036350288784569207,Walking,Walking
125,0.0020157756263711715,0.001032482630733782,0.13269943535911,0.0011532397247026572,0.8605673872621434,0.00253167939693922,Walking,Walking
126,0.0019381866936900919,0.001532326985766879,0.1237425057800856,0.0015718882408642817,0.8676801190127643,0.0035349732868288964,Walking,Walking
127,0.0016229520063713084,0.0029642128426961537,0.012580777413453148,0.0008196308651097426,0.980765678570939,0.001246748301430909,Walking,Walking
128,0.001955201065008988,0.005978280025674878,0.03750493016206356,0.007181684588540235,0.9451982268265723,0.0021816773321403503,Walking,Walking
129,0.0009578858498854826,0.00012033265087807182,0.0012542661747123433,7.089654392216091e-05,0.9964412078487047,0.0011554109318973103,Walking,Walking
130,0.0019958938425887244,0.007500410432482302,0.05194502126629523,0.008449737888013441,0.9275558393366976,0.0025530972339225105,Walking,Walking
131,0.001835276208169413,0.0031407908859522335,0.06103288107445603,0.0016961545267753762,0.9298106849756844,0.002484212328962713,Walking,Walking
132,0.003135444283033631,0.021652402492463915,0.45443107889943585,0.05542100255602009,0.457496738757157,0.00786333301188946,Walking,Walking
133,0.0017020932512673468,0.0032682449077184785,0.05529750020267046,0.001760066623811715,0.9359600141957262,0.002012080818805755,Walking,Walking
134,0.0015869456685184348,0.001670373726006877,0.0406853727174827,0.0016222464755750155,0.9524779294052251,0.001957132007191586,Walking,Walking
135,0.0028748462591196514,0.020966644754337717,0.18356729078576173,0.03999483994575284,0.7465122872028666,0.006084091052161877,Walking,Walking
136,0.0019673306629588217,0.004658843209287501,0.02953468816628255,0.0036953115751167344,0.9585600078913034,0.0015838184950507938,Walking,Walking
137,0.001954116706808539,0.006286941997043979,0.051395923167773166,0.006818521370116384,0.9313357575147743,0.002208739243483688,Walking,Walking
138,0.001933447559396015,0.013367039597940014,0.06482176785454996,0.02301493512815762,0.8951370512090563,0.0017257586509004596,Walking,Walking
139,0.0037521648719823094,0.037299755123762185,0.10065303188283205,0.089004957286182,0.7656234626111021,0.003666628224139312,Walking,Walking
140,0.0022574770424558274,0.01829837484165961,0.11200121321452201,0.04524090383985722,0.8203076733597859,0.0018943577017194087,Walking,Walking
141,0.001513952056038661,0.004947233142437687,0.024258057805864378,0.010230403636195031,0.958440954445545,0.0006093989139193758,Walking,Walking
142,0.005116645731469618,0.06924835260555375,0.1372721420783203,0.10284711280038066,0.6805307156039447,0.004985031180330736,Walking,Walking
143,0.0015130709006120544,0.0002905282558944809,0.0009731202044431682,9.977995867260518e-05,0.9970797911959928,4.370948438478815e-05,Walking,Walking
144,0.0022785333956427956,0.019834934169354893,0.0007869082959985824,0.0002317782280487146,0.00028384454483790217,0.9765840013661171,Wheeling,Sitting
145,0.0015280992907240024,0.002966266092443174,0.00024782281316222985,0.000234499867416541,0.00017447504727253436,0.9948488368889816,Wheeling,Sitting
146,0.0018880671950802675,0.0035213214418731856,0.0001378165891930459,0.000145703754061876,0.00011282948341590979,0.9941942615363755,Wheeling,Sitting
147,0.0021169009544404196,0.0022863654135020397,0.0002529040994963064,0.00019293214446110138,0.00015589206457645188,0.9949950053235239,Wheeling,Sitting
148,0.0017178859231955386,0.00022637747205788285,0.0002668091111453489,0.00013559941238357697,0.00011065797567231035,0.9975426701055454,Wheeling,Sitting
149,0.0018569469543356868,0.0005166725086031435,0.00025768674706708476,0.00019571564728895153,0.00013216736471382857,0.9970408107779913,Wheeling,Sitting
150,0.002023074921913744,0.003162584163263534,0.0001614610549769535,0.0001699898560706301,0.00013098231553005244,0.9943519076882452,Wheeling,Sitting
151,0.002009005920708892,0.009498140494527532,0.0003434690713221583,0.00021541701117300707,0.0001828309053364538,0.9877511365969318,Wheeling,Sitting
152,0.0019864516448002416,0.001671801925557732,0.0002198127081250578,0.00021922383593568393,0.00014484788358933728,0.995757862001992,Wheeling,Sitting
153,0.002002265430207685,0.0018617302398129594,0.00016424559961406384,0.00019412059237204683,0.0001344658604249143,0.9956431722775686,Wheeling,Sitting
154,0.0018845047360636874,0.002587146021756652,0.00037159369009392637,0.00020050479166437753,0.0001714822924996945,0.9947847684679215,Wheeling,Sitting
155,0.001697876138244413,0.015348497453524368,0.0002422813398924111,0.00016065552445856018,0.00015963174423827024,0.9823910577996423,Wheeling,Sitting
156,0.0016788855256472403,0.004322780522823601,9.307799814661717e-05,0.00010818480756460498,9.314555809267279e-05,0.9937039255877251,Wheeling,Sitting
157,0.0017308769937641846,0.013737917751040746,0.0003159196164285192,0.00015131882944364653,0.00014873159504572836,0.9839152352142773,Wheeling,Sitting
158,0.0017392024118235304,0.019634934178775567,0.00024885418731952183,0.00015543597512398448,0.0001557889607107671,0.9780657842862462,Wheeling,Sitting
159,0.0016913479299718857,0.016908583078192298,0.00025590414976693073,0.00016586764670062747,0.0001558898112813337,0.9808224073840869,Wheeling,Sitting
160,0.0020098047782981347,0.03236227670120591,0.00035571852926887107,0.0003061561389468913,0.0002531339964488644,0.9647129098558314,Wheeling,Sitting
161,0.0020098047782981347,0.03236227670120591,0.00035571852926887107,0.0003061561389468913,0.0002531339964488644,0.9647129098558314,Wheeling,Sitting
162,0.0020098047782981347,0.03236227670120591,0.00035571852926887107,0.0003061561389468913,0.0002531339964488644,0.9647129098558314,Wheeling,Sitting
163,0.0020098047782981347,0.03236227670120591,0.00035571852926887107,0.0003061561389468913,0.0002531339964488644,0.9647129098558314,Wheeling,Sitting
164,0.0020098047782981347,0.03236227670120591,0.00035571852926887107,0.0003061561389468913,0.0002531339964488644,0.9647129098558314,Wheeling,Sitting
165,0.0020098047782981347,0.03236227670120591,0.00035571852926887107,0.0003061561389468913,0.0002531339964488644,0.9647129098558314,Wheeling,Sitting
166,0.0010371079423352751,0.003776561727686017,0.0027195398353142427,0.010185216505116921,0.00118246014637938,0.9810991138431682,Wheeling,Wheeling
167,0.0012932415318700522,0.03400908071204457,0.0032795036670547526,0.002837819928509792,0.0014939347393048547,0.957086419421216,Wheeling,Wheeling
168,0.0011335064419983729,0.02004001137999708,0.003572638024126373,0.0019481935095006142,0.0016320541366895975,0.9716735965076877,Wheeling,Wheeling
169,0.0010212293552126423,0.0069856573686621895,0.001564178714980426,0.003549005197816282,0.0009197803179194103,0.985960149045409,Wheeling,Wheeling
170,0.0009726310370608591,0.0010547100765830595,0.0012835580044871055,0.0034317303872462264,0.0007143271049553711,0.9925430433896674,Wheeling,Wheeling
171,0.000980418158215592,0.007707144593802195,0.0014780845732634798,0.006189896835935187,0.0009005086291941305,0.9827439472095895,Wheeling,Wheeling
172,0.0015757647396017534,0.31726525206121003,0.005898609864209809,0.005006628549438842,0.0024702604614352456,0.6677834843241042,Wheeling,Wheeling
173,0.0014998181305755929,0.23572264330337273,0.005757946074187474,0.0037346244786070518,0.0019708829646107014,0.7513140850486463,Wheeling,Wheeling
174,0.0012567874400901098,0.06118207050408177,0.0023663438706364196,0.004058410004282296,0.0009348292299786121,0.9302015589509309,Wheeling,Wheeling
175,0.0012296839463719026,0.045571814587156964,0.0019445388970040056,0.003774961074763746,0.0009516009125123917,0.9465274005821906,Wheeling,Wheeling
176,0.0013772500773805284,0.15906937234676513,0.003860338737427717,0.004731210128838935,0.0014493834613225056,0.8295124452482653,Wheeling,Wheeling
177,0.0011402063893039005,0.009450807501530191,0.0027772405522479763,0.005191992648931351,0.000862062760334713,0.9805776901476518,Wheeling,Wheeling
178,0.0013617526117104567,0.10302945518443445,0.008657974279299157,0.0038866133739711007,0.003398071680163014,0.879666132870422,Wheeling,Wheeling
179,0.0017686247290967223,0.34327069778975633,0.0186920030648153,0.005021718128544104,0.005643888917219991,0.6256030673705678,Wheeling,Wheeling
180,0.0016856778723179056,0.4173382111831869,0.00989517883570467,0.0033539918635921992,0.004142432875892167,0.5635845073693064,Wheeling,Wheeling
181,0.0013486139538442328,0.07150477615723529,0.006527378862777401,0.0038149690822312636,0.001959913471628412,0.9148443484722836,Wheeling,Wheeling
182,0.0019043658436926794,0.30281197282886474,0.02500072652523567,0.00481553933377744,0.008497019552221947,0.6569703759162077,Wheeling,Wheeling
183,0.0014958184797538739,0.013696305822295612,0.01646707187625457,0.003208985444848891,0.004607152473758855,0.9605246659030882,Wheeling,Wheeling
184,0.00143772976413994,0.18960515814451478,0.003974342386877315,0.0024918126018253855,0.001875692424877025,0.8006152646777656,Wheeling,Wheeling
185,0.001699335972809093,0.2740728417014077,0.01369350147373665,0.003096581603037538,0.005444947358912405,0.7019927918900967,Wheeling,Wheeling
186,0.0013369306221092377,0.055902221600880674,0.005558551592519149,0.0012982543383101702,0.0024120016798914617,0.9334920401662894,Wheeling,Wheeling
187,0.0016063835240985144,0.03488450488958512,0.018860825831124226,0.004154315789621358,0.005519880452674063,0.9349740895128968,Wheeling,Wheeling
188,0.0012022346944494291,0.06663665115944986,0.003564729813557571,0.003226586665859494,0.0015068805409348086,0.9238629171257486,Wheeling,Wheeling
189,0.0013517719787285944,0.005817348424790723,0.011632915108372962,0.001348843033676704,0.0028440331576070174,0.9770050882968242,Wheeling,Wheeling
190,0.001193602268803819,0.02737014377445014,0.0017288541876365107,0.002336734633436013,0.0006287409237389444,0.9667419242119345,Wheeling,Wheeling
191,0.0012535184962645636,0.1620253247106116,0.0024247845698405963,0.00330492767405248,0.0011239561014930806,0.8298674884477378,Wheeling,Wheeling
192,0.001353860497564228,0.03599548614720574,0.001442634774365238,0.001471940146060368,0.000498973360322499,0.9592371050744819,Wheeling,Wheeling
193,0.0011675139964932796,0.018397508672524515,0.0016958261636663002,0.001885104570502223,0.0006605130379050507,0.9761935335589086,Wheeling,Wheeling
194,0.00138628533999842,0.0891266646778835,0.006092302423507907,0.002029631945868725,0.0012933100635356084,0.9000718055492059,Wheeling,Wheeling
195,0.0011782356616138838,0.054598105921961154,0.005153959552878811,0.0022448412662378517,0.0006326488911263961,0.9361922087061816,Wheeling,Wheeling
196,0.0012002360869846644,0.019861583840122304,0.001800984035560335,0.0009949461727354343,0.0005669843251844614,0.9755752655394127,Wheeling,Wheeling
197,0.0013640722756001647,0.038868479309162006,0.001369187844812026,0.0016225577750892564,0.0006260037348202254,0.9561496990605166,Wheeling,Wheeling
198,0.00138106316800706,0.0269949637152734,0.0029846432825130836,0.00048811129586277997,0.0012622311457901872,0.9668889873925531,Wheeling,Wheeling
199,0.0013431616110958662,0.04807010493575899,0.002534286606034825,0.0011582924722615844,0.0008044029489925863,0.9460897514258557,Wheeling,Wheeling
200,0.001300372775783012,0.05547275510143174,0.002703251436249404,0.0009648029727360095,0.0007789588657525658,0.9387798588480472,Wheeling,Wheeling
201,0.001326853916136042,0.053963986367644434,0.0024761218269689694,0.0012094403797930056,0.0007055650728634357,0.9403180324365941,Wheeling,Wheeling
202,0.001214988853580616,0.04952120693521397,0.001199920013799675,0.0012942226688179208,0.00032766406581659395,0.9464419974627712,Wheeling,Wheeling
203,0.0013344512976412655,0.11649367213733448,0.002316720375254076,0.0019450986597618263,0.0007233866249142787,0.8771866709050943,Wheeling,Wheeling
204,0.001321075053515317,0.027635821553978875,0.0010935531772562036,0.0007553621962722149,0.00042223715846568616,0.9687719508605116,Wheeling,Wheeling
205,0.0013689289769400388,0.035650120926974095,0.002662322177315147,0.0012979678977297127,0.0005995088004439039,0.958421151220597,Wheeling,Wheeling
206,0.001214662190818676,0.023092629681681374,0.0009584975028505685,0.00117494611502081,0.0003006314803221952,0.9732586330293065,Wheeling,Wheeling
207,0.001194394732461655,0.017954867143270596,0.0005185438190510216,0.0009097328542794712,0.00029642778781298383,0.9791260336631243,Wheeling,Wheeling
208,0.0012910276030622923,0.03566476263733802,0.004645703859120459,0.0013463521770379512,0.0004064019202311387,0.9566457518032104,Wheeling,Wheeling
209,0.0016129145018990475,0.49616117503870527,0.0031280027132271405,0.0020150163097036513,0.0012924526724083579,0.49579043876405654,Wheeling,Wheeling
210,0.0013072366457087268,0.036924555682474665,0.0019734770078379434,0.0010217468021153377,0.0004424243496087064,0.9583305595122547,Wheeling,Wheeling
211,0.001453198461806728,0.1791226373293213,0.0029713789344641118,0.001220159145155763,0.0008677318126748529,0.8143648943165775,Wheeling,Wheeling
212,0.00144523933454552,0.24294101484158545,0.003329415410012933,0.004460473490159561,0.0010585642394576218,0.7467652926842391,Wheeling,Wheeling
213,0.0011504213077617338,0.04702592762642469,0.0007354773868677558,0.0016548502454267003,0.0003365647946154602,0.9490967586389036,Wheeling,Wheeling
214,0.0012256714616178984,0.052527866927431895,0.0012606741856862865,0.0034185785439398773,0.00035028604300263135,0.9412169228383213,Wheeling,Wheeling
215,0.0012625929385893051,0.05154727376969664,0.0015949596240141671,0.0016907406309970858,0.0004504731583619168,0.9434539598783409,Wheeling,Wheeling
216,0.0012882479813944912,0.11044317494540598,0.0010658384182031838,0.0032568689357561913,0.0003725164781800239,0.8835733532410603,Wheeling,Wheeling
217,0.0013695947860500393,0.03171444050265798,0.0014782199794578113,0.001110456538893433,0.0004071480855702673,0.9639201401073701,Wheeling,Wheeling
218,0.0011967549003940577,0.0764399794668076,0.0015716239917762422,0.0020610185275224775,0.0006478791738510322,0.9180827439396486,Wheeling,Wheeling
219,0.0014725826294644982,0.1624798173661083,0.005139044757822215,0.004257768096282511,0.0011905964382186542,0.8254601907121037,Wheeling,Wheeling
220,0.0016314611916698359,0.29403208105598977,0.015229167672653164,0.0066976849906063545,0.004693737820201496,0.6777158672688794,Wheeling,Wheeling
221,0.004354138392562092,0.8763904049556822,0.05800451683567798,0.022293240814965996,0.015108622410858493,0.023849076590253208,Sitting,Wheeling
222,0.005563924362051128,0.35899304822282024,0.08474681693062608,0.017425996544327416,0.012801129280979208,0.5204690846591958,Wheeling,Wheeling
223,0.001311859303695961,0.01409890837029209,0.00610131782191205,0.0007826160378289576,0.001555142779998742,0.9761501556862725,Wheeling,Wheeling
224,0.957532981841397,0.007259397314384036,0.01795616968318038,0.002296570539301097,0.007685742270133763,0.0072691383516037345,Lying,Lying
225,0.9712456882232976,0.006749365024213194,0.007126927692569081,0.0033432934448238715,0.004458158652631921,0.007076566962464287,Lying,Lying
226,0.9621155901496958,0.015315028537676958,0.007239413670057554,0.004072267627537217,0.004056904701883187,0.007200795313149434,Lying,Lying
227,0.9632406941931307,0.014377003136455445,0.0072092954171407994,0.005049030178901894,0.002778226377525567,0.007345750696846068,Lying,Lying
228,0.9500671828550274,0.013830151539002708,0.016896828829832296,0.003729224420586476,0.004808629187319536,0.010667983168231681,Lying,Lying
229,0.9561739594590813,0.018274732064683948,0.007871795579307835,0.004883725187075665,0.003099585019557657,0.00969620269029345,Lying,Lying
230,0.9569855542847151,0.01945816057874349,0.0052772225368944116,0.004448732203120785,0.0038147538259208744,0.010015576570605266,Lying,Lying
231,0.9564552988724297,0.01884740528690265,0.006081145883949504,0.0056422205170953135,0.0037570430720277174,0.009216886367595163,Lying,Lying
232,0.9559139246674622,0.01824061918212881,0.008562200606245476,0.0051113502639757846,0.002979108885562405,0.009192796394625587,Lying,Lying
233,0.9562919759795864,0.01920288736358919,0.006049476225331853,0.00578069915894245,0.0033102963774466394,0.009364664895103524,Lying,Lying
234,0.9556111718844897,0.018462628225212083,0.007518465353066482,0.006057269980476058,0.0029007586249697173,0.009449705931785792,Lying,Lying
235,0.954401768738306,0.019309146732784808,0.00701842407092003,0.00688368124226795,0.0031842839269122757,0.009202695288808514,Lying,Lying
236,0.9543558086117376,0.019957492127907678,0.007424051592424002,0.005785884727270828,0.003999862941650182,0.008476899999009779,Lying,Lying
237,0.9543558086117376,0.019957492127907678,0.007424051592424002,0.005785884727270828,0.003999862941650182,0.008476899999009779,Lying,Lying
238,0.9543558086117376,0.019957492127907678,0.007424051592424002,0.005785884727270828,0.003999862941650182,0.008476899999009779,Lying,Lying
239,0.9543558086117376,0.019957492127907678,0.007424051592424002,0.005785884727270828,0.003999862941650182,0.008476899999009779,Lying,Lying
240,0.9610235745877674,0.01651137497689648,0.0064131662030496445,0.004734228448029503,0.0034007130293003344,0.00791694275495649,Lying,Lying
241,0.9610235745877674,0.01651137497689648,0.0064131662030496445,0.004734228448029503,0.0034007130293003344,0.00791694275495649,Lying,Lying
242,0.9610235745877674,0.01651137497689648,0.0064131662030496445,0.004734228448029503,0.0034007130293003344,0.00791694275495649,Lying,Lying
243,0.004579504097832652,0.07713753867210296,0.1567334403976194,0.6549864938968998,0.10315194477153168,0.003411078164013624,Standing,Standing
244,0.0037237983388499923,0.06255622258718346,0.10505127619207605,0.7738985403411214,0.05258272674411623,0.002187435796653063,Standing,Standing
245,0.003608375372727743,0.07714912753992655,0.053227100531204344,0.8376497509922077,0.025605813580448684,0.00275983198348506,Standing,Standing
246,0.003667503051269765,0.16694290755590355,0.07074452683978322,0.6978547150774846,0.056682015586360913,0.004108331889197636,Standing,Standing
247,0.00494519614168521,0.23065463701768443,0.14889120438638376,0.5082355997898726,0.10034232866390179,0.006931034000472115,Standing,Standing
248,0.00345965821035164,0.051957416201701245,0.03892353566358982,0.8888101653651072,0.01372439693822647,0.003124827621023522,Standing,Standing
249,0.003596416009503677,0.1521267533628783,0.06180214133964148,0.7469162590228219,0.030731726176347764,0.00482670408880682,Standing,Standing
250,0.0033726135093554636,0.023896526382072292,0.03587674386983264,0.9251507788068466,0.008442843784589137,0.003260493647303547,Standing,Standing
251,0.00395116062642396,0.6007354096851809,0.07336642922443956,0.18495681054158208,0.12943659551766087,0.007553594404712217,Sitting,Standing
252,0.0034315793783113884,0.12476045154589989,0.05189995555216833,0.7879458581550702,0.028085052745332552,0.0038771026232174554,Standing,Standing
253,0.0034315793783113884,0.12476045154589989,0.05189995555216833,0.7879458581550702,0.028085052745332552,0.0038771026232174554,Standing,Standing
254,0.0034315793783113884,0.12476045154589989,0.05189995555216833,0.7879458581550702,0.028085052745332552,0.0038771026232174554,Standing,Standing
255,0.0034315793783113884,0.12476045154589989,0.05189995555216833,0.7879458581550702,0.028085052745332552,0.0038771026232174554,Standing,Standing
256,0.0034315793783113884,0.12476045154589989,0.05189995555216833,0.7879458581550702,0.028085052745332552,0.0038771026232174554,Standing,Standing
257,0.0034315793783113884,0.12476045154589989,0.05189995555216833,0.7879458581550702,0.028085052745332552,0.0038771026232174554,Standing,Standing
258,0.0034315793783113884,0.12476045154589989,0.05189995555216833,0.7879458581550702,0.028085052745332552,0.0038771026232174554,Standing,Standing
259,0.0034315793783113884,0.12476045154589989,0.05189995555216833,0.7879458581550702,0.028085052745332552,0.0038771026232174554,Standing,Standing
260,0.002011363649575415,0.008325387173340188,0.06831079585011908,0.012526184116537432,0.906373231725052,0.002453037485376157,Walking,Walking
261,0.0015478062394399153,0.004334093324506611,0.021387110161074464,0.006613937967923928,0.964227654277141,0.0018893980299143644,Walking,Walking
262,0.0012175164681933217,0.0008915884029716139,0.0034280698536873115,0.00043657384658061816,0.9931356329281009,0.0008906185004664035,Walking,Walking
263,0.0020671050339706428,0.008067233016350941,0.14033417999112796,0.014072639901834555,0.8327795904791232,0.0026792515775928448,Walking,Walking
264,0.0017051451563255362,0.0014005611360448614,0.027577155349834348,0.0009144434420842359,0.966036765638613,0.002365929277097848,Walking,Walking
265,0.0009223569199283246,0.0011866112936322769,0.006126412178983202,0.001441987173508415,0.9890695477750637,0.0012530846588841625,Walking,Walking
266,0.0006994718305871548,0.0002473777342783177,0.027042319907348216,2.0095584112516073e-05,0.9695807030987416,0.0024100318449322717,Walking,Walking
267,0.0014624852333228872,0.00017202696316599635,0.05011103333638258,0.00013420008017324557,0.9470751661653096,0.0010450882216454787,Walking,Walking
268,0.001672597861887874,0.0027233411808377556,0.1448060560322328,0.0035433354539369105,0.8457157840089784,0.0015388854621264326,Walking,Walking
269,0.001365508315275748,0.00018355194032832807,0.32848422241373065,0.00022550557361626097,0.6685496924132727,0.0011915193437764808,Walking,Walking
270,0.0015627172236800356,0.0008346529576933835,0.09352537716919015,0.0008514096008055788,0.9009558106107892,0.0022700324378419063,Walking,Walking
271,0.001417900186960022,0.0006432790679397374,0.022789115482605444,0.0002977116813474783,0.9739429269386887,0.0009090666424588693,Walking,Walking
272,0.002930553133191828,0.021844436207615572,0.3038864666353799,0.03781575875290245,0.6272806139282926,0.006242171342617634,Walking,Walking
273,0.003357903661097709,0.02731219692677355,0.2319102829889529,0.050142309950316974,0.6816439905210755,0.005633315951783293,Walking,Walking
