,0,1,2,3,4,5,modelStates,target
0,0.045055870275719404,0.061320145560620105,0.16233245965288454,0.009013875245365675,0.12343596577148234,0.5988416834939275,Wheeling,Lying
1,0.04894817054359181,0.056157703129848247,0.27923933581013943,0.011713515041036567,0.11557874949493685,0.4883625259804475,StairClimbing,Lying
2,0.9769050630746994,0.008601738077201862,0.002841094138385327,0.005727611099656907,0.005316529892960364,0.0006079637170964442,Lying,Lying
3,0.9724607557378153,0.012428626363693197,0.0027527867753308634,0.004754550208116988,0.004525740696690828,0.0030775402183527527,Lying,Lying
4,0.9614441323716577,0.013882196642935,0.00444878822857382,0.006152138496848872,0.005457975909260622,0.008614768350724352,Lying,Lying
5,0.9681904795801786,0.011763008874673391,0.0035160406567731803,0.005030680995539417,0.004702910694900842,0.006796879197934787,Lying,Lying
6,0.9694903661454924,0.012451547686834655,0.0032223023393148746,0.004863547867846846,0.004690957986922801,0.005281277973588429,Lying,Lying
7,0.9629331267860771,0.013321114054349088,0.004568749961425086,0.005935770789917604,0.00607405743281155,0.007167180975419322,Lying,Lying
8,0.9732802156191095,0.00926854066533485,0.003679568212627979,0.005587018847224407,0.005014458629785188,0.0031701980259180437,Lying,Lying
9,0.9713037090749289,0.009238031348592354,0.003221883135596405,0.005213081361575034,0.004422684749043379,0.006600610330263972,Lying,Lying
10,0.9713037090749289,0.009238031348592354,0.003221883135596405,0.005213081361575034,0.004422684749043379,0.006600610330263972,Lying,Lying
11,0.9713037090749289,0.009238031348592354,0.003221883135596405,0.005213081361575034,0.004422684749043379,0.006600610330263972,Lying,Lying
12,0.9713037090749289,0.009238031348592354,0.003221883135596405,0.005213081361575034,0.004422684749043379,0.006600610330263972,Lying,Lying
13,0.9713037090749289,0.009238031348592354,0.003221883135596405,0.005213081361575034,0.004422684749043379,0.006600610330263972,Lying,Lying
14,0.9713037090749289,0.009238031348592354,0.003221883135596405,0.005213081361575034,0.004422684749043379,0.006600610330263972,Lying,Lying
15,0.9713037090749289,0.009238031348592354,0.003221883135596405,0.005213081361575034,0.004422684749043379,0.006600610330263972,Lying,Lying
16,0.9713037090749289,0.009238031348592354,0.003221883135596405,0.005213081361575034,0.004422684749043379,0.006600610330263972,Lying,Lying
17,0.9713037090749289,0.009238031348592354,0.003221883135596405,0.005213081361575034,0.004422684749043379,0.006600610330263972,Lying,Lying
18,0.9713037090749289,0.009238031348592354,0.003221883135596405,0.005213081361575034,0.004422684749043379,0.006600610330263972,Lying,Lying
19,0.9713037090749289,0.009238031348592354,0.003221883135596405,0.005213081361575034,0.004422684749043379,0.006600610330263972,Lying,Lying
20,0.9713037090749289,0.009238031348592354,0.003221883135596405,0.005213081361575034,0.004422684749043379,0.006600610330263972,Lying,Lying
21,0.9713037090749289,0.009238031348592354,0.003221883135596405,0.005213081361575034,0.004422684749043379,0.006600610330263972,Lying,Lying
22,0.9743862430344464,0.007972352873915232,0.003993898016768942,0.003606052986182638,0.004539353291761759,0.00550209979692487,Lying,Lying
23,0.00237953741032981,0.18478066826985204,0.008148430617436366,0.7726030518772842,0.027496327677658982,0.004591984147438274,Standing,Sitting
24,0.002495471026127844,0.11281218712534993,0.01058681322980306,0.8289866796573881,0.04047667095190589,0.004642178009425088,Standing,Sitting
25,0.0021764742201268615,0.3374294801355994,0.0037111339677928937,0.635565908601395,0.012770329081790715,0.008346673993295166,Standing,Sitting
26,0.003200001181651505,0.0827175999865183,0.009227301467390203,0.8554176582518901,0.029581837304046534,0.019855601808503112,Standing,Sitting
27,0.002508438588432484,0.13605060513375877,0.0059822083390307776,0.8205267312822305,0.030236732692533668,0.004695283964013322,Standing,Sitting
28,0.002508438588432484,0.13605060513375877,0.0059822083390307776,0.8205267312822305,0.030236732692533668,0.004695283964013322,Standing,Sitting
29,0.004297468521848312,0.11549954638791142,0.03146919271990487,0.7620989850742987,0.0728321373876924,0.013802669908344271,Standing,Sitting
30,0.004297468521848312,0.11549954638791142,0.03146919271990487,0.7620989850742987,0.0728321373876924,0.013802669908344271,Standing,Sitting
31,0.004297468521848312,0.11549954638791142,0.03146919271990487,0.7620989850742987,0.0728321373876924,0.013802669908344271,Standing,Sitting
32,0.005057531432460876,0.055211918454263674,0.0268379523854548,0.8921174439014481,0.017493970722208544,0.003281183104163801,Standing,Sitting
33,0.006337794353654494,0.15387493136049524,0.03046546282783195,0.6680441178962068,0.10903841998001873,0.032239273581792356,Standing,Sitting
34,0.017333927345054515,0.1876275017347406,0.10516997110133368,0.48024586359265886,0.1491203934692252,0.06050234275698698,Sitting,Sitting
35,0.007095164045504292,0.0969087931721951,0.1539147994793414,0.46700737535740505,0.2261498734946518,0.0489239944509024,Standing,Sitting
36,0.004737235845365318,0.07720681285237212,0.08575378411228102,0.5202450425333447,0.2968493599727002,0.015207764683936415,Standing,Standing
37,0.016816268778644474,0.1634870583914852,0.13480440815158434,0.22024722730421892,0.41911042056199765,0.04553461681206958,Sitting,Standing
38,0.0037928292742604812,0.05263017944010466,0.09872869409126768,0.6036426463950393,0.2306608663669574,0.010544784432370112,Standing,Standing
39,0.00828112407424282,0.0841210131127906,0.16661333472938528,0.45134625228608366,0.272755948677104,0.016882327120393642,Standing,Standing
40,0.0043390942745356875,0.06983005366088711,0.08849061470769425,0.5496451380082947,0.27411991676163644,0.013575182586951617,Standing,Standing
41,0.00252040737846134,0.0316665212587234,0.056100719373959364,0.6427026382795994,0.2594729031947432,0.007536810514513391,Standing,Standing
42,0.0022783257191116148,0.03173983176039943,0.09077209264561693,0.39604241177114796,0.47276652007450765,0.0064008180292164565,Walking,Standing
43,0.0030775988065894918,0.05223650899641857,0.10999518861976851,0.42832572428957344,0.3963708722731824,0.009994107014467794,Walking,Standing
44,0.002692347528043347,0.028422977130666882,0.10129962614009964,0.46815533143282345,0.3911498235160189,0.00827989425234799,Walking,Standing
45,0.002052057453125489,0.020253018340368682,0.06487344557451691,0.641612533773864,0.26558412081120364,0.005624824046921182,Standing,Standing
46,0.003359363977106518,0.05079625125022364,0.08177610234902141,0.30488670248302857,0.548169515299436,0.011012064641183707,Walking,Standing
47,0.0031827786310625523,0.03336232448250117,0.10123378648491418,0.518973333872775,0.33242873628444086,0.01081904024430607,Standing,Standing
48,0.004529866541239516,0.029200956025372572,0.1299982225459021,0.47294537560024275,0.3556556088971165,0.007669970390126787,Standing,Standing
49,0.002889024567625342,0.046560326637145474,0.08731401192331291,0.5344336621228966,0.320529303959162,0.00827367078985726,Standing,Standing
50,0.0038243757067506286,0.0493000539604708,0.11494606658981635,0.4869936254490019,0.333433809969832,0.011502068324127633,Standing,Standing
51,0.006595363939271894,0.07577154620922937,0.08300460548942523,0.4404500179924752,0.3752765742198284,0.01890189214977006,Walking,Standing
52,0.006974685845472201,0.09825664649033211,0.18021164306088852,0.37472398081972175,0.31837180688524847,0.0214612368983368,Walking,Standing
53,0.004738097168085614,0.06875882345719021,0.11194571637070483,0.5443273212288391,0.2539395389869939,0.01629050278818638,Standing,Standing
54,0.004025989453122981,0.38831570062902354,0.011477432010091061,0.009849736258864537,0.014480579076561743,0.571850562572336,Wheeling,Wheeling
55,0.005455892786377589,0.02652258512856653,0.03266924665762814,0.014233062690633971,0.02861200691895997,0.8925072058178339,Wheeling,Wheeling
56,0.0044960055696515585,0.007259115888763609,0.006470598126881686,0.0005918633795529627,0.005359957432881731,0.9758224596022684,Wheeling,Wheeling
57,0.001561644238944648,0.3316327939204258,0.005415372148913835,0.0043571311337781615,0.006781672026248794,0.650251386531689,Wheeling,Wheeling
58,0.003368681112574113,0.22939478961183898,0.005840744726739658,0.008503037139843905,0.0054749094506029985,0.7474178379584002,Wheeling,Wheeling
59,0.0015266818251640807,0.19107040553269372,0.004924323218026441,0.009159157041971988,0.005918944560559261,0.7874004878215843,Wheeling,Wheeling
60,0.002148165560194746,0.04876599043714757,0.004570110955872715,0.0038638923897617414,0.004447098379015252,0.9362047422780079,Wheeling,Wheeling
61,0.0030692192407911537,0.06982926720596312,0.0032371957070961095,0.0033202657703308093,0.004383343217964476,0.9161607088578544,Wheeling,Wheeling
62,0.0028441527210565747,0.1461668932253234,0.00448216385441509,0.00906131689381116,0.0043240815619101395,0.8331213917434837,Wheeling,Wheeling
63,0.004053999740067146,0.020001077038937127,0.022597926829579427,0.012972277629881195,0.023616657724403443,0.9167580610371319,Wheeling,Wheeling
64,0.0016253743683880878,0.1427901280061419,0.003756916118829683,0.0019030426259300035,0.0031316236291747427,0.8467929152515354,Wheeling,Wheeling
65,0.0012453988814768678,0.12005956897551376,0.0029086040528925787,0.003255767487167538,0.005236507017307203,0.8672941535856419,Wheeling,Wheeling
66,0.001339583402162393,0.25081870895160885,0.004107028466891102,0.0031516681865025333,0.00488398153420006,0.735699029458635,Wheeling,Wheeling
67,0.0020797634394608116,0.19339135138908806,0.0028023957985676144,0.004334268747353282,0.0038183627022223988,0.7935738579233077,Wheeling,Wheeling
68,0.0026018901545703374,0.25766855417785706,0.003144043787500376,0.005859216372812476,0.004931025422508225,0.7257952700847516,Wheeling,Wheeling
69,0.002489553351198689,0.06925751671327159,0.011020863113537645,0.014658013910857323,0.011298455884599509,0.8912755970265352,Wheeling,Wheeling
70,0.002250389533218917,0.0572711730773991,0.01039844798928494,0.00731853280695054,0.009251629138157014,0.91350982745499,Wheeling,Wheeling
71,0.001448888823851628,0.4253096617741498,0.002924023626073018,0.005473767565871112,0.0037079117366013805,0.5611357464734532,Wheeling,Wheeling
72,0.003295351967096882,0.20590168251799185,0.006893671710497147,0.0029691730778597823,0.0020238737877363543,0.7789162469388182,Wheeling,Wheeling
73,0.005325074109098834,0.12290961589099092,0.04139779832527327,0.041393394924889026,0.048310281096163844,0.7406638356535843,Wheeling,Wheeling
74,0.003738869694323416,0.04488397077007122,0.016800419990300852,0.02003910738659317,0.020052520742000684,0.894485111416711,Wheeling,Wheeling
75,0.003062044912223351,0.6813112668133768,0.0045839844129178485,0.011133851577671806,0.015499634318245092,0.284409217965565,Sitting,Wheeling
76,0.0075804748092013,0.09057917499769619,0.07853481353358498,0.006942071697363182,0.714979134578302,0.10138433038385276,Walking,Wheeling
77,0.0011195163185828748,0.007696052272032537,0.39643277866575044,0.011235780676351566,0.5824065806464926,0.0011092914207898473,Walking,Walking
78,0.0013029805707548826,0.0009627145904173691,0.2482924751794262,0.03212805542014288,0.7167483740353292,0.0005654002039298426,Walking,Walking
79,0.00011281718624533701,0.00026986848160485494,0.0051041283674266675,0.002911443536196133,0.9912441825082218,0.0003575599203053288,Walking,Walking
80,0.0003828115785507553,0.0004468826275619438,0.028995118647700272,0.003471357929142308,0.9664892265709049,0.0002146026461400852,Walking,Walking
81,0.0001530601386801842,6.778320367974257e-05,0.005974118178121521,0.0006920400479349918,0.9930852729791384,2.7725452444968104e-05,Walking,Walking
82,0.0003883484521164296,0.00013354326440000023,0.011080645836444624,0.0026608760783503127,0.985659086542353,7.749982633568041e-05,Walking,Walking
83,0.0004458608913601706,0.00010184894160514537,0.003451835390867026,0.0006407078344949122,0.9952825153555869,7.723158608613239e-05,Walking,Walking
84,0.0005055086754815899,0.0003170475177305579,0.02219144060487454,0.0013417886815400943,0.9755457011435297,9.85133768434034e-05,Walking,Walking
85,6.956181797427136e-05,1.703024577608915e-05,0.0027713017571349367,9.834308108184027e-05,0.9969505704735365,9.31926244962538e-05,Walking,Walking
86,0.00042851482081783515,0.0005254512172564847,0.02532553867454403,0.005066042855157532,0.9682277647006116,0.00042668773161273706,Walking,Walking
87,0.00018041667978382716,3.1729530952759204e-05,0.005504400199315619,0.00010959538585463043,0.993864960057027,0.000308898147065967,Walking,Walking
88,0.00047772310218161294,0.0006364482119475401,0.04404373950917353,0.00900439999430256,0.9439186108961857,0.0019190782862093102,Walking,Walking
89,0.00017703073683193534,0.00041599596608896854,0.010563783168931787,0.005029952843362615,0.9827457448973961,0.0010674923873888638,Walking,Walking
90,0.00018396259598671226,0.00029096589592721145,0.010701216857885379,0.0031283833565052695,0.9853234138172883,0.0003720574764071879,Walking,Walking
91,0.000349568574370048,0.0005569285431013509,0.017037255580490306,0.007196057860759463,0.9739634598660984,0.0008967295751804254,Walking,Walking
92,0.0003034335163515044,0.0007651554779335312,0.01963854044505355,0.007462867140349667,0.9712337421266014,0.0005962612937101771,Walking,Walking
93,0.00021148162236154217,3.108724139992176e-05,0.004084659917039598,0.00021644442050155409,0.9952139399971611,0.00024238680153611106,Walking,Walking
94,0.0001459066148889337,0.00018484017768277322,0.004618155753497246,0.002158149435640642,0.9925010641500731,0.00039188386821709396,Walking,Walking
95,8.928847531401791e-05,2.636933965038426e-05,0.0032558665107288243,8.107564419417891e-05,0.9964186181542863,0.00012878187582628887,Walking,Walking
96,2.423506842563709e-07,2.2738316184840442e-07,7.247774303968303e-07,3.956303921191627e-07,0.9998354106213667,0.0001629992369648105,Walking,Walking
97,0.00014950310285873522,1.0740082424721964e-05,0.0016518354311602053,2.4702663741587268e-05,0.9979886510585675,0.00017456766124732408,Walking,Walking
98,0.00031239094335859394,0.00028796840582944285,0.011484028005146713,0.00034375012278875695,0.9868911874861801,0.0006806750366962322,Walking,Walking
99,0.0007987744004366881,0.0025728485596409403,0.040084522116425096,0.03129737796335929,0.9225412266603259,0.002705250299812069,Walking,Walking
100,0.0035233748014669233,0.02773257655328108,0.1313824178931874,0.5992928994370305,0.23280565171449316,0.005263079600541192,Standing,Walking
101,0.0024212774909759182,0.020527074465187537,0.25443649056886314,0.14676541417534886,0.5667817361971614,0.009068007102463077,Walking,Walking
102,0.00037457093681880923,0.005457359743712755,0.01780350541299408,0.0018066495924404955,0.9730481324743675,0.0015097818396665017,Walking,Walking
103,0.0006905781105429055,0.0012742521839926445,0.07122529802291082,0.01717395039248192,0.9071878024487179,0.0024481188413537185,Walking,Walking
104,0.001011307253637122,0.0003409501517215425,0.13994799968269195,0.009262661311482465,0.8489212974084148,0.0005157841920521432,Walking,Walking
105,0.007108603925050562,0.042342686540210825,0.00039590186956321174,0.0006884047169290708,0.000972424105331509,0.9484919788429146,Wheeling,Sitting
106,0.0005780322712875708,0.16799106018432763,0.00021412264936338334,0.00020412695308289738,0.00047151706410373926,0.8305411408778346,Wheeling,Sitting
107,0.0009348899670216951,0.3222014703427707,0.0006374614127086685,0.00013185128881802976,0.001182137573440264,0.6749121894152408,Wheeling,Sitting
108,0.0016305461892170163,0.06388760121465493,0.00030103988234740224,0.0003118670416193763,0.00045241968864486094,0.9334165259835168,Wheeling,Sitting
109,0.0011336323278423586,0.027581244857533622,0.00010965070309865488,0.00016818412152559968,0.00034702277869590496,0.9706602652113034,Wheeling,Sitting
110,0.0016867837890527453,0.05666286595719769,0.0006630617538943669,0.00023064834750587064,0.0007044826218487954,0.9400521575305009,Wheeling,Sitting
111,0.0019447073255575125,0.03389233816436764,0.0007388201670909905,0.00027957815601820936,0.0006907942021319585,0.9624537619848333,Wheeling,Sitting
112,0.0008228534644205898,0.09143160429210448,0.00013142439286559487,0.000308907451384788,0.0003371331926599688,0.9069680772065646,Wheeling,Sitting
113,0.0011560049507762541,0.49503573822024854,0.001014625711846586,0.0002079730500798881,0.0013578793134200848,0.501227778753629,Wheeling,Sitting
114,0.0014677740049185563,0.3431035463181257,0.0003743511119949746,0.00036293312295962893,0.0005950700985135217,0.6540963253434876,Wheeling,Sitting
115,0.0030717455400088777,0.5633401025532266,0.0007239453154108333,0.00036859751755200784,0.0039377889761032445,0.4285578200976983,Wheeling,Sitting
116,0.003861825547475026,0.3770942611675928,0.00028988752277582703,0.00045956444257784783,0.0010386104033214569,0.6172558509162569,Wheeling,Sitting
117,0.0015401588027864684,0.447158064330587,0.0004515607394612229,0.000674455696935961,0.0005963989048791632,0.5495793615253503,Wheeling,Sitting
118,0.0019245655066366136,0.03946836671588815,0.0014184047817124394,0.0021734763083503905,0.005600382407106953,0.949414804280305,Wheeling,Wheeling
119,0.001082930317907746,0.04758705122794107,0.0007106456618331251,0.0005885885995733716,0.0009489072254347318,0.9490818769673102,Wheeling,Wheeling
120,0.0011957043957020446,0.017646731681508255,0.0015789550183563398,0.0014447258427324433,0.0028691407207933955,0.9752647423409075,Wheeling,Wheeling
121,0.0011944296448102598,0.02525456941619387,0.000865274842051002,0.0006992393606292267,0.0015594937102897726,0.9704269930260255,Wheeling,Wheeling
122,0.0009739212458891256,0.09063678598496384,0.0011461201235996974,0.0014438794491059416,0.0018994993883234127,0.903899793808118,Wheeling,Wheeling
123,0.0018586419293327612,0.059730233941087764,0.001360441272710295,0.0018774730788433463,0.0020170976766514283,0.9331561121013745,Wheeling,Wheeling
124,0.0018485189041609696,0.029306409664065308,0.0006195071461350826,0.0007633013344846017,0.001731114965646386,0.9657311479855075,Wheeling,Wheeling
125,0.0012908022313528852,0.059090996111873614,0.009361338432286457,0.0024206876928110797,0.007358130978878074,0.9204780445527978,Wheeling,Wheeling
126,0.00169721326616582,0.028601803530396465,0.0023771547200279013,0.0028459944236677846,0.003714191295222743,0.9607636427645191,Wheeling,Wheeling
127,0.001339410245568857,0.0582061276277159,0.0013595798557177003,0.0013160427945060253,0.0015796799250362465,0.9361991595514555,Wheeling,Wheeling
128,0.001447898843002425,0.08730556209342029,0.000984424989286413,0.0015924668947326418,0.001533853144964681,0.9071357940345935,Wheeling,Wheeling
129,0.003195096916631995,0.009028766733818536,0.0024455184555964822,0.0009922695247069182,0.003082082950433313,0.9812562654188128,Wheeling,Wheeling
130,0.0010943840909756705,0.0237679976805946,0.0012507317998566888,0.001429319353642276,0.0021146209827757434,0.9703429460921551,Wheeling,Wheeling
131,0.0019382260802602686,0.026954557009234957,0.0010549677500403625,0.0007167733033171471,0.0015525592635034122,0.9677829165936438,Wheeling,Wheeling
132,0.0012173296885575132,0.021241155876790947,0.0012024074773103793,0.0007613745322055086,0.0015681754494003013,0.9740095569757352,Wheeling,Wheeling
133,0.002148198701365133,0.01789203118737244,0.0008471606865743774,0.0005337451310927347,0.0016732090566132062,0.9769056552369821,Wheeling,Wheeling
134,0.0023136437390932144,0.023101991301695463,0.0008646759140618514,0.0002276828848534457,0.0013896093529588566,0.9721023968073371,Wheeling,Wheeling
135,0.0036411666982622067,0.02562721930283028,0.0036324322965799027,0.001330264484188383,0.0027730698854458624,0.9629958473326933,Wheeling,Wheeling
136,0.0014213603672151086,0.09521412940361013,0.005991834968885965,0.006801618010654601,0.005853185277989371,0.8847178719716451,Wheeling,Wheeling
137,0.0016865933308119546,0.06215358337642589,0.002259185887440664,0.0037049022081859723,0.003925148053403447,0.9262705871437318,Wheeling,Wheeling
138,0.001778691515515714,0.09568404664475966,0.0011930323375803056,0.0023911103324077256,0.002996991384684813,0.8959561277850518,Wheeling,Wheeling
139,0.0013260809536876246,0.028593819950616012,0.002897722093116018,0.0036678564991620873,0.005920751726993811,0.9575937687764244,Wheeling,Wheeling
140,0.0015220864233862668,0.04396982336380182,0.0012266295053357163,0.00143023737291268,0.002169829519879956,0.9496813938146835,Wheeling,Wheeling
141,0.9965341267985325,0.0007354628637065363,0.0010331886893440306,0.00014202281896155366,0.001110277351450869,0.00044492147800455936,Lying,Lying
142,0.9778728470056189,0.0104736661926102,0.001982869088844832,0.0025191411060692826,0.00175817635315367,0.005393300253702782,Lying,Lying
143,0.9339838692302899,0.03993285730239227,0.0007441854334262429,0.00885597039405323,0.0026563180423231584,0.01382679959751531,Lying,Lying
144,0.8800973415689547,0.07731981162552266,0.0009683553009067357,0.009440565197699312,0.0026438146057193076,0.029530111701197233,Lying,Lying
145,0.9138157640484101,0.05521434751301642,0.0016657965644174579,0.010922017338791255,0.0039777117529154905,0.014404362782449324,Lying,Lying
146,0.954405871463515,0.03555311983820128,9.919258896858646e-05,0.0019161593391307258,0.0011829002951279145,0.006842756475056507,Lying,Lying
147,0.8913554457887359,0.05271622485098047,0.0014173867521927507,0.02343359472045748,0.0034404313424685707,0.027636916545165147,Lying,Lying
148,0.8913554457887359,0.05271622485098047,0.0014173867521927507,0.02343359472045748,0.0034404313424685707,0.027636916545165147,Lying,Lying
149,0.8913554457887359,0.05271622485098047,0.0014173867521927507,0.02343359472045748,0.0034404313424685707,0.027636916545165147,Lying,Lying
150,0.8913554457887359,0.05271622485098047,0.0014173867521927507,0.02343359472045748,0.0034404313424685707,0.027636916545165147,Lying,Lying
151,0.8913554457887359,0.05271622485098047,0.0014173867521927507,0.02343359472045748,0.0034404313424685707,0.027636916545165147,Lying,Lying
152,0.8913554457887359,0.05271622485098047,0.0014173867521927507,0.02343359472045748,0.0034404313424685707,0.027636916545165147,Lying,Lying
153,0.8913554457887359,0.05271622485098047,0.0014173867521927507,0.02343359472045748,0.0034404313424685707,0.027636916545165147,Lying,Lying
154,0.8913554457887359,0.05271622485098047,0.0014173867521927507,0.02343359472045748,0.0034404313424685707,0.027636916545165147,Lying,Lying
155,0.8913554457887359,0.05271622485098047,0.0014173867521927507,0.02343359472045748,0.0034404313424685707,0.027636916545165147,Lying,Lying
156,0.8913554457887359,0.05271622485098047,0.0014173867521927507,0.02343359472045748,0.0034404313424685707,0.027636916545165147,Lying,Lying
157,0.8913554457887359,0.05271622485098047,0.0014173867521927507,0.02343359472045748,0.0034404313424685707,0.027636916545165147,Lying,Lying
158,0.8913554457887359,0.05271622485098047,0.0014173867521927507,0.02343359472045748,0.0034404313424685707,0.027636916545165147,Lying,Lying
159,0.8913554457887359,0.05271622485098047,0.0014173867521927507,0.02343359472045748,0.0034404313424685707,0.027636916545165147,Lying,Lying
160,0.8913554457887359,0.05271622485098047,0.0014173867521927507,0.02343359472045748,0.0034404313424685707,0.027636916545165147,Lying,Lying
161,0.8913554457887359,0.05271622485098047,0.0014173867521927507,0.02343359472045748,0.0034404313424685707,0.027636916545165147,Lying,Lying
162,0.8913554457887359,0.05271622485098047,0.0014173867521927507,0.02343359472045748,0.0034404313424685707,0.027636916545165147,Lying,Lying
163,0.8913554457887359,0.05271622485098047,0.0014173867521927507,0.02343359472045748,0.0034404313424685707,0.027636916545165147,Lying,Lying
164,0.8913554457887359,0.05271622485098047,0.0014173867521927507,0.02343359472045748,0.0034404313424685707,0.027636916545165147,Lying,Lying
165,0.007526129338934485,0.02622107671851557,0.12500735134357055,0.5991168557784458,0.23153368869238297,0.010594898128150886,Standing,Standing
166,0.0036233622770902828,0.01486742802982448,0.033179977005722755,0.9188844319916539,0.026933789729516835,0.002511010966191664,Standing,Standing
167,0.005706551062121921,0.021446469958064766,0.02970045201035272,0.9221359454198881,0.017628765384741858,0.003381816164830309,Standing,Standing
168,0.0021916044575119235,0.026462785324144075,0.02002339860210447,0.916796434035695,0.031117476029136854,0.0034083015514075297,Standing,Standing
169,0.0025965130084044967,0.029093404155347346,0.019466959923027563,0.9313941956290657,0.01494423614378472,0.002504691140370163,Standing,Standing
170,0.003441203479984982,0.014012572083639733,0.029298324222952386,0.9135971512146733,0.0365723118319279,0.003078437166821767,Standing,Standing
171,0.003355543223197621,0.020195797707181887,0.03045599988627633,0.9358342959223247,0.008147141958997814,0.002011221302021237,Standing,Standing
172,0.0036633763634725297,0.0094084166952347,0.023847351854061106,0.9373196888405382,0.02384426920506535,0.001916897041628208,Standing,Standing
173,0.004582262041737082,0.021706771549112106,0.019384211275980376,0.9211159426338729,0.030620652549978453,0.002590159949319117,Standing,Standing
174,0.0038195767998841653,0.01131071574811908,0.03185701240175599,0.9303949603693153,0.02109951769744587,0.0015182169834799374,Standing,Standing
175,0.0029792818201201288,0.011854274434726472,0.021532314536183414,0.944195992793838,0.017680142641136563,0.0017579937739952152,Standing,Standing
176,0.0019835246356005062,0.048725583262675114,0.011698843515396807,0.9159687137949258,0.019893556970542858,0.0017297778208592524,Standing,Standing
177,0.004245114237378603,0.022852460576488886,0.019053182649820807,0.9321789147023604,0.019639895967943983,0.002030431866007387,Standing,Standing
178,0.0030968126320666434,0.046029994951066286,0.0158674841227736,0.9136565299902661,0.019351221569823444,0.001997956734003565,Standing,Standing
179,0.002667476176364005,0.03904948319565449,0.013667113471630493,0.9017318160025564,0.03968726669096313,0.003196844462831904,Standing,Standing
180,0.002807689277537135,0.0011149780096290742,0.3384990230422141,0.004700671549400857,0.651808228095373,0.0010694100258460749,Walking,Walking
181,0.0028396635292483917,0.016556734430824577,0.06175273081021058,0.8712713123422732,0.046272094229585954,0.0013074646578571858,Standing,Walking
182,0.0005614609336871865,0.0012386228167883912,0.027375509121845297,0.03557863902897381,0.9345428987363367,0.0007028693623686417,Walking,Walking
183,0.0020904054989969926,0.0002230337763136296,0.5331535619097408,0.0029397831959994845,0.4612095261422545,0.000383689476694245,StairClimbing,Walking
184,0.009761475015073467,0.002519107957445829,0.9691488798169569,0.010309714086261948,0.0036468989025946756,0.0046139242216671995,StairClimbing,Walking
185,0.009419074813004085,0.019125658577676192,0.20529238182158108,0.10402759759467133,0.6398698320240378,0.022265455169029925,Walking,Walking
186,0.004140139529454497,0.0023553400856480733,0.2757140828959521,0.060151945149126085,0.6536451248137114,0.0039933675261078294,Walking,Walking
187,0.0013702878818810035,0.0035711811377932413,0.085944237589152,0.02254250449900658,0.8831054721231709,0.0034663167689963177,Walking,Walking
188,0.022026607204277498,0.0017997459297488824,0.13090236769608316,0.004409425756467503,0.8362747710152179,0.004587082398205074,Walking,Walking
189,0.006053999972254372,0.0045897829712475266,0.4675983064208413,0.04395090114231096,0.4736564374613256,0.004150572032019966,Walking,Walking
190,0.0028204861927049346,0.0016724957366888085,0.18866755739377844,0.006500744205661031,0.797338452139842,0.0030002643313245354,Walking,Walking
191,0.0019940792164214855,0.0002482968643736906,0.022347207221847132,0.00031757789438501905,0.9737462854586525,0.0013465533443202651,Walking,Walking
192,0.015600594444482838,0.0012517613707745943,0.3350083415201969,0.004195445885209688,0.6398219339190869,0.004121922860249005,Walking,Walking
193,0.005395297886304489,0.004705127059615693,0.31887487365159634,0.031078408188276115,0.6312480061624776,0.008698287051729469,Walking,Walking
194,0.0013536061589426095,0.0010804287110938034,0.044533992144246956,0.006182633555862427,0.9428914217743611,0.003957917655493125,Walking,Walking
195,0.0050922962983799515,0.002104161181580375,0.19660174417837953,0.05613095597999674,0.7344124792146064,0.005658363147056839,Walking,Walking
196,0.0011093708644042061,0.006038752208059845,0.02250650382257072,0.008008940721831533,0.9544432880630402,0.007893144320093998,Walking,Walking
197,0.002352917872490107,0.00023009560245427338,0.10838107072974,0.0018472469307659828,0.8865134025764518,0.000675266288098019,Walking,Walking
198,0.000632012196849645,0.0010879817595415102,0.00753102848834514,0.0009432878862699409,0.9882320131698796,0.001573676499114272,Walking,Walking
199,0.001137550218717719,0.0007732368565486601,0.03654519177145215,0.0030478231351136363,0.9573114990908507,0.001184698927317248,Walking,Walking
200,0.0009704473425001859,0.0008338226509924326,0.043349935183032075,0.003260843030834549,0.9504772757888029,0.0011076760038376135,Walking,Walking
201,0.0014122145103856465,9.434041604240026e-05,0.0486728317018916,0.0005336246491147803,0.9487605760272795,0.0005264126952865092,Walking,Walking
202,0.0007323499509061242,0.00023593282744507167,0.006819633712381063,0.0007402356694663305,0.9910468655502641,0.000424982289537543,Walking,Walking
203,0.002132484974358694,0.0002684458590904996,0.057960088086231,0.0005079704276929251,0.9380590463200164,0.0010719643326108082,Walking,Walking
204,0.0017425180807575987,0.0032615274305269086,0.06563769029749374,0.016122158326738703,0.9090664793650991,0.004169626499383905,Walking,Walking
205,0.001855984437852467,0.0030558802728786237,0.07124461204395553,0.01653382089052106,0.9020572895771792,0.005252412777613217,Walking,Walking
206,0.0008350299802892221,0.0022049747151168253,0.02971262281150942,0.00796815599779482,0.9582661906005897,0.0010130258946996393,Walking,Walking
207,0.0006961054106943368,0.0004014137335557516,0.017750682095467606,0.0006660077158682333,0.979878992822524,0.0006067982218899559,Walking,Walking
208,0.0005895392379355889,0.0042529593540741465,0.01758889461500195,0.006623935334300974,0.9682294909576766,0.002715180501010784,Walking,Walking
209,0.0011361356212923853,0.00011751011873474367,0.006398111016592786,0.0005764212842757126,0.9908511559175481,0.0009206660415562372,Walking,Walking
210,0.0010571988861088498,0.0007087344361292517,0.11770899301717413,0.009340413429015265,0.8700669945437384,0.0011176656878339913,Walking,Walking
211,0.012118893602831691,0.014386748047809084,0.3452789088973267,0.08915625193076797,0.5221816181523908,0.01687757936887403,Walking,Walking
212,0.007272611078168152,0.0005746714207820522,0.23682010807671036,0.0015135954734209899,0.7517908706618373,0.0020281432890810656,Walking,Walking
213,0.0017062808395218306,0.0030130305892435544,0.04412549789775287,0.0012555223606669254,0.9478572297643985,0.002042438548416165,Walking,Walking
214,0.0027903375791859023,0.0014657669822290991,0.16526440769540274,0.010974040572246099,0.8168482520648885,0.0026571951060475048,Walking,Walking
215,0.002746384867004485,0.00023760439260147014,0.12264249983060946,0.0006113445825310003,0.8724964972424515,0.0012656690848016285,Walking,Walking
216,0.004841706813518777,0.0006034357676210285,0.45843838272927545,0.003058494341638691,0.5313585545628607,0.0016994257850848008,Walking,Walking
217,0.005201310814193325,0.0006123567372264758,0.30419774024978,0.002814176747842365,0.6852255825374843,0.001948832913473787,Walking,Walking
218,0.00524005475343696,0.000751463596716258,0.4113254069054674,0.0035329117277009287,0.5771118153185639,0.0020383476981144302,Walking,Walking
219,0.0024578001853013064,0.0002296478922686059,0.10885899158459143,0.0006524672837976308,0.8867742005867678,0.0010268924672731693,Walking,Walking
220,0.0031531734573464055,0.0007326737600387937,0.09610010674438511,0.004120823266070843,0.8916673001418003,0.004225922630358747,Walking,Walking
221,0.00528375201423919,0.00415876876243971,0.29840306853072,0.016251175090739013,0.6672323684551253,0.00867086714673696,Walking,Walking
222,0.0021536567036245014,0.009890462163675505,0.05406019485188304,0.007738425146552417,0.918826854863398,0.0073304062708664346,Walking,Walking
223,0.002679053015144922,0.0009386334056414058,0.19858136005133417,0.0011629058832741403,0.7947398941185178,0.0018981535260873751,Walking,Walking
224,0.0010558794424568505,0.0010919408494486878,0.032539457786945024,0.0018269024363413038,0.9622873224410026,0.0011984970438053385,Walking,Walking
225,0.001675485607641527,0.0001752311002769742,0.06005017036678885,0.0003998234992116206,0.9369766541925517,0.0007226352335290823,Walking,Walking
226,0.0015339337184607819,0.0006233701417579395,0.0555419352329265,0.0022913143058461496,0.9379091224501689,0.002100324150839671,Walking,Walking
227,0.0034534458017099396,0.0001923979272802525,0.045214472515163896,0.000704587058781634,0.9498303284102131,0.000604768286851135,Walking,Walking
228,0.0019460471081286692,9.8931347924844e-05,0.06360191513522678,0.00013751230484259616,0.9337345572678425,0.00048103683603453404,Walking,Walking
229,0.005210743474043281,0.000328419871440076,0.0953378570325468,0.0006434702756994465,0.8976706746056582,0.0008088347406123763,Walking,Walking
230,0.005999541252273063,0.0004310743102501592,0.2158840191899185,0.0018049848341661733,0.77440025246974,0.0014801279436519772,Walking,Walking
231,0.004913523299179017,0.0003416466134039244,0.14117102375313603,0.002563764570019251,0.8496202366069537,0.001389805157308161,Walking,Walking
232,0.0025546902964010904,0.0002854186890901757,0.18981109619837133,0.0006574861916743726,0.8054297391756556,0.0012615694488075835,Walking,Walking
233,0.0024174994267825043,0.0001667116949678477,0.11369262721758873,0.0008460107852898881,0.8820949012064203,0.0007822496689501382,Walking,Walking
234,0.0028287805328985785,0.0004895874094508186,0.0842257580988412,0.002721995829884391,0.9088366157904514,0.0008972623384737742,Walking,Walking
235,0.006369960589329027,0.008716361723829984,0.4982258250290069,0.032420489058735916,0.44874234012873004,0.005525023470368178,StairClimbing,Walking
236,0.003944262744026607,0.004120888408917213,0.028177566206351333,0.001095429721935879,0.9599699563641086,0.002691896554659823,Walking,Walking
237,0.006449845258947011,0.06825104987775311,0.030886511482269778,0.844326010160079,0.025857657342341373,0.024228925878609642,Standing,Standing
238,0.005074239059541303,0.15467643774993264,0.01963394576029936,0.7798778462131052,0.02955007172112744,0.011187459495994208,Standing,Standing
239,0.00443258045988142,0.1486832627662668,0.021367232846580715,0.7954372171192882,0.02168380128463159,0.008395905523351531,Standing,Standing
240,0.0035975654160303175,0.05425278092420612,0.018745306862119965,0.8921935035095796,0.024465327113043615,0.006745516175020978,Standing,Standing
241,0.0033356526398767017,0.05616293372102998,0.015331780846947826,0.8811975179954683,0.034633548162107945,0.009338566634569148,Standing,Standing
242,0.006030631904616,0.13937609914282476,0.02457574137310651,0.7489914163112714,0.06123993113164312,0.019786180136538295,Standing,Standing
243,0.0042096664393210395,0.025245062808181586,0.024733134855129946,0.9069991691269574,0.029515635972492377,0.009297330797917485,Standing,Standing
244,0.003510087326203066,0.2570725936948314,0.015452739047688784,0.6672902005422596,0.04463551263998548,0.012038866749031468,Standing,Standing
245,0.005867393032514107,0.08650596258216306,0.020455720632197704,0.8411181814232628,0.03729370576469808,0.008759036565164647,Standing,Standing
246,0.0064092731848313066,0.05496667134682759,0.016375904774231006,0.8952172844695329,0.022390555361001756,0.00464031086357592,Standing,Standing
247,0.002626859546221545,0.12901661263530212,0.011815444479649037,0.8151962409052926,0.03241274875771273,0.008932093675821694,Standing,Standing
248,0.0034429132963149935,0.24176462101708115,0.011401758720679786,0.6908444087542074,0.044344971862383155,0.0082013263493338,Standing,Standing
249,0.0046209021793910555,0.05640025641056798,0.024070480446991404,0.8667933336396815,0.03740273833798165,0.010712288985386518,Standing,Standing
250,0.003279608959235232,0.18353564168154524,0.013545811396795537,0.7532292987360398,0.03840499580825356,0.008004643418130541,Standing,Standing
251,0.0026336000496862302,0.08546396248079687,0.017514883887357897,0.854875454325892,0.029641118331792483,0.009870980924474146,Standing,Standing
252,0.005409115338209354,0.08031709148924089,0.02151011850973343,0.8536211618572309,0.030366744641797172,0.00877576816378843,Standing,Standing
253,0.002266111089787432,0.031093485974224042,0.011611238373245455,0.9321284596080477,0.018026389189715053,0.004874315764980464,Standing,Standing
254,0.004045574550531688,0.03816578347392119,0.006829217294295143,0.9416438675488795,0.007405236889171562,0.001910320243201116,Standing,Standing
255,0.004045574550531688,0.03816578347392119,0.006829217294295143,0.9416438675488795,0.007405236889171562,0.001910320243201116,Standing,Standing
256,0.004045574550531688,0.03816578347392119,0.006829217294295143,0.9416438675488795,0.007405236889171562,0.001910320243201116,Standing,Standing
257,0.004045574550531688,0.03816578347392119,0.006829217294295143,0.9416438675488795,0.007405236889171562,0.001910320243201116,Standing,Standing
258,0.9940771714341475,0.0011425497145545072,0.0012757163158200009,0.0005923797041117308,0.0011369417030256928,0.001775241128340634,Lying,Lying
259,0.9889237125245921,0.0032630524864672747,0.0007502340684834518,0.001544218169481968,0.0013924366950757037,0.0041263460558991945,Lying,Lying
260,0.9814543083254552,0.00938224852076914,0.00023089030881026494,0.0015805719147673155,0.0022983173653615533,0.005053663564836527,Lying,Lying
261,0.9865174851174591,0.004600377923784042,0.0006479558524311958,0.001761700242633879,0.001785106442845161,0.004687374420846708,Lying,Lying
262,0.9923132874139439,0.0025793401438639727,0.0005116664751101574,0.0006687017813779364,0.001136782324063243,0.002790221861640608,Lying,Lying
263,0.985856217641454,0.006165660113115225,0.0004542467634603439,0.0011750140005285757,0.0020279531462470907,0.004320908335194464,Lying,Lying
264,0.9929623397111281,0.002166064061301031,0.0005157763928770544,0.0007262945673670668,0.0010429843680442082,0.002586540899282219,Lying,Lying
265,0.9916862220112248,0.002170074555072256,0.0010069567724683148,0.0009368075890080192,0.001209630755461905,0.0029903083167649356,Lying,Lying
266,0.9864761177650764,0.005171422564063389,0.0005377581207780814,0.0015163720379892933,0.0019530295414107006,0.004345299970682103,Lying,Lying
267,0.9974265025402039,0.0017428320147957431,2.035936789877608e-06,1.2699640662234501e-05,0.0005563773068297603,0.00025955256071817114,Lying,Lying
268,0.9822250244941091,0.004442035996387854,0.0023453641639663383,0.0029275395851484586,0.0025266571998107776,0.005533378560577295,Lying,Lying
269,0.9822250244941091,0.004442035996387854,0.0023453641639663383,0.0029275395851484586,0.0025266571998107776,0.005533378560577295,Lying,Lying
270,0.9822250244941091,0.004442035996387854,0.0023453641639663383,0.0029275395851484586,0.0025266571998107776,0.005533378560577295,Lying,Lying
271,0.9822250244941091,0.004442035996387854,0.0023453641639663383,0.0029275395851484586,0.0025266571998107776,0.005533378560577295,Lying,Lying
272,0.9822250244941091,0.004442035996387854,0.0023453641639663383,0.0029275395851484586,0.0025266571998107776,0.005533378560577295,Lying,Lying
273,0.9822250244941091,0.004442035996387854,0.0023453641639663383,0.0029275395851484586,0.0025266571998107776,0.005533378560577295,Lying,Lying
274,0.9822250244941091,0.004442035996387854,0.0023453641639663383,0.0029275395851484586,0.0025266571998107776,0.005533378560577295,Lying,Lying
275,0.9822250244941091,0.004442035996387854,0.0023453641639663383,0.0029275395851484586,0.0025266571998107776,0.005533378560577295,Lying,Lying
276,0.9822250244941091,0.004442035996387854,0.0023453641639663383,0.0029275395851484586,0.0025266571998107776,0.005533378560577295,Lying,Lying
