,0,1,2,3,4,5,modelStates,target
0,0.9658853070772918,0.003545456673819957,0.004926416877462054,0.005396851971712515,0.016624358981241216,0.003621608418473013,Lying,Lying
1,0.9944881640830865,0.00035261392279504637,0.0014081857915016875,0.0014365695102657873,0.001671860277667983,0.0006426064146829358,Lying,Lying
2,0.9927128644656098,0.0006543522783748206,0.00035776795946951544,0.004991827309835261,0.0006812726017380587,0.0006019153849728191,Lying,Lying
3,0.9956457702937064,0.0002813628541617801,0.0009687489807865198,0.0016419131021349763,0.0009230355615282597,0.0005391692076820226,Lying,Lying
4,0.993164867116864,0.0003291557888499388,0.002217610778021598,0.002357551801849191,0.001141670386552142,0.0007891441278631115,Lying,Lying
5,0.995990700390721,0.00027530617113555767,0.0007987886741705958,0.0019568402017241613,0.0004941260688930457,0.0004842384933552409,Lying,Lying
6,0.9937906098496344,0.00017871780635030676,0.0019361740406910908,0.0023317666302663225,0.001145858147601274,0.0006168735254563739,Lying,Lying
7,0.9934656843648818,0.00034054247151483395,0.001896959860038041,0.0019210129164005712,0.0015730020457476728,0.0008027983414170796,Lying,Lying
8,0.9961843329373834,0.00045627180897719763,0.0005248399124837786,0.0020383750171208475,0.00021779965487928399,0.00057838066915528,Lying,Lying
9,0.9964369708715411,0.0005219052629240463,0.0002869746961648301,0.0021346386301575467,0.0001429709764946318,0.000476539562718276,Lying,Lying
10,0.9964369708715411,0.0005219052629240463,0.0002869746961648301,0.0021346386301575467,0.0001429709764946318,0.000476539562718276,Lying,Lying
11,0.9964369708715411,0.0005219052629240463,0.0002869746961648301,0.0021346386301575467,0.0001429709764946318,0.000476539562718276,Lying,Lying
12,0.9964369708715411,0.0005219052629240463,0.0002869746961648301,0.0021346386301575467,0.0001429709764946318,0.000476539562718276,Lying,Lying
13,0.9964369708715411,0.0005219052629240463,0.0002869746961648301,0.0021346386301575467,0.0001429709764946318,0.000476539562718276,Lying,Lying
14,0.9964369708715411,0.0005219052629240463,0.0002869746961648301,0.0021346386301575467,0.0001429709764946318,0.000476539562718276,Lying,Lying
15,0.9964369708715411,0.0005219052629240463,0.0002869746961648301,0.0021346386301575467,0.0001429709764946318,0.000476539562718276,Lying,Lying
16,0.9964369708715411,0.0005219052629240463,0.0002869746961648301,0.0021346386301575467,0.0001429709764946318,0.000476539562718276,Lying,Lying
17,0.9964369708715411,0.0005219052629240463,0.0002869746961648301,0.0021346386301575467,0.0001429709764946318,0.000476539562718276,Lying,Lying
18,0.9964369708715411,0.0005219052629240463,0.0002869746961648301,0.0021346386301575467,0.0001429709764946318,0.000476539562718276,Lying,Lying
19,0.9964369708715411,0.0005219052629240463,0.0002869746961648301,0.0021346386301575467,0.0001429709764946318,0.000476539562718276,Lying,Lying
20,0.9964369708715411,0.0005219052629240463,0.0002869746961648301,0.0021346386301575467,0.0001429709764946318,0.000476539562718276,Lying,Lying
21,0.9964369708715411,0.0005219052629240463,0.0002869746961648301,0.0021346386301575467,0.0001429709764946318,0.000476539562718276,Lying,Lying
22,0.9964369708715411,0.0005219052629240463,0.0002869746961648301,0.0021346386301575467,0.0001429709764946318,0.000476539562718276,Lying,Lying
23,0.9964369708715411,0.0005219052629240463,0.0002869746961648301,0.0021346386301575467,0.0001429709764946318,0.000476539562718276,Lying,Lying
24,0.9966630138670589,0.00017541204631112302,0.00026419471759228907,0.002281681846628918,0.00019311466407898696,0.00042258285832995514,Lying,Lying
25,0.9946024416544057,0.0003574101003365499,0.0013047292435807447,0.0014401093267453066,0.0015791602715791461,0.0007161494033525595,Lying,Lying
26,0.9961579525038393,0.0002958137107195569,0.0008696586562844408,0.0013304604866689613,0.0007419322863989959,0.0006041823560889066,Lying,Lying
27,0.9955375412492907,0.0004234823913598398,0.0007402201493234996,0.002158159272207618,0.000616037980236257,0.000524558957581948,Lying,Lying
28,0.9948153675787996,0.00015832235772265775,0.00044600731820776304,0.0030452550579534565,0.0006933196392206372,0.0008417280480958102,Lying,Lying
29,0.9931617910054195,0.00025462757209846376,0.0020098832179146677,0.0028609882594660464,0.0007684415351272664,0.0009442684099738539,Lying,Lying
30,0.9959608745344164,0.00042757209942058557,0.000397127376448395,0.002323294060100337,0.0003050614947371798,0.0005860704348770653,Lying,Lying
31,0.9959608745344164,0.00042757209942058557,0.000397127376448395,0.002323294060100337,0.0003050614947371798,0.0005860704348770653,Lying,Lying
32,0.9959608745344164,0.00042757209942058557,0.000397127376448395,0.002323294060100337,0.0003050614947371798,0.0005860704348770653,Lying,Lying
33,0.9959608745344164,0.00042757209942058557,0.000397127376448395,0.002323294060100337,0.0003050614947371798,0.0005860704348770653,Lying,Lying
34,0.9959608745344164,0.00042757209942058557,0.000397127376448395,0.002323294060100337,0.0003050614947371798,0.0005860704348770653,Lying,Lying
35,0.9959608745344164,0.00042757209942058557,0.000397127376448395,0.002323294060100337,0.0003050614947371798,0.0005860704348770653,Lying,Lying
36,0.9959608745344164,0.00042757209942058557,0.000397127376448395,0.002323294060100337,0.0003050614947371798,0.0005860704348770653,Lying,Lying
37,0.9959608745344164,0.00042757209942058557,0.000397127376448395,0.002323294060100337,0.0003050614947371798,0.0005860704348770653,Lying,Lying
38,0.998512467868884,0.0003068358910169313,5.7306695842766725e-05,0.0006697272091938,0.0001255036993027529,0.0003281586357594745,Lying,Lying
39,0.998512467868884,0.0003068358910169313,5.7306695842766725e-05,0.0006697272091938,0.0001255036993027529,0.0003281586357594745,Lying,Lying
40,0.9986084738915236,0.00018463725835730056,0.0001527404266299325,0.00010879234133589322,0.00016537184359362907,0.000779984238559364,Lying,Lying
41,0.04127063760642285,0.005926984435943729,0.7628972334639951,0.011462933786756904,0.054836799862886816,0.12360541084399446,StairClimbing,Lying
42,0.0021912628893943913,0.808627512885152,0.0072934447854056065,0.04480064584183179,0.002740503854729193,0.13434662974348682,Sitting,Sitting
43,0.01662304006664081,0.1827568589529223,0.07915759490685204,0.2113356896180081,0.03153476029622661,0.47859205615935047,Sitting,Sitting
44,0.0023749831140664045,0.8949781201930449,0.015260342258990069,0.04128483077127418,0.001581132308639869,0.04452059135398479,Sitting,Sitting
45,0.005756572640088956,0.6309212671250803,0.012816983144953019,0.12012220436985396,0.007403991176539407,0.22297898154348417,Sitting,Sitting
46,0.0024725670276851005,0.6075372774373141,0.009563699913792884,0.07305942129568795,0.005536373425719161,0.3018306608998005,Wheeling,Sitting
47,0.0016842713205166711,0.8603405743106839,0.005829839207275806,0.02984587868113646,0.000905861111440391,0.10139357536894683,Sitting,Sitting
48,0.0009817681586712747,0.7120706851260836,0.007996705621708225,0.04814817627225057,0.001690758692961646,0.22911190612832508,Sitting,Sitting
49,0.002479247263355173,0.9658321454264964,0.0044606744246518054,0.017258953845785505,0.00044772856004453293,0.009521250479666394,Sitting,Sitting
50,0.002033738677847477,0.8795919637923516,0.009633342478376355,0.06101187467138015,0.0026682656093039744,0.045060814770740254,Sitting,Sitting
51,0.02197658488820859,0.2781582271807321,0.035887762939548803,0.3086527102435224,0.057393592202335614,0.29793112254565235,Sitting,Sitting
52,0.002011496102605301,0.7712771006243999,0.006719439164498258,0.12721049419147556,0.0060233652646972564,0.08675810465232353,Sitting,Sitting
53,0.001644649614850337,0.8508648248156141,0.006149431922678734,0.05230457575388123,0.0031684895004766753,0.08586802839249891,Sitting,Sitting
54,0.0033610429406737974,0.7525370656955938,0.009243245022422852,0.07557541752970795,0.005348624344282362,0.1539346044673197,Sitting,Sitting
55,0.0027771529495579316,0.9495211070282867,0.005695002096005365,0.032993363487211755,0.0010405454698715,0.007972828969066661,Sitting,Sitting
56,0.0027771529495579316,0.9495211070282867,0.005695002096005365,0.032993363487211755,0.0010405454698715,0.007972828969066661,Sitting,Sitting
57,0.0027771529495579316,0.9495211070282867,0.005695002096005365,0.032993363487211755,0.0010405454698715,0.007972828969066661,Sitting,Sitting
58,0.0027771529495579316,0.9495211070282867,0.005695002096005365,0.032993363487211755,0.0010405454698715,0.007972828969066661,Sitting,Sitting
59,0.0018935403288057107,0.030729309429698263,0.014438119586603142,0.896971613143528,0.054962940789818136,0.0010044767215467729,Standing,Standing
60,0.00172925927669772,0.038476228921354494,0.009376475182850652,0.9128423562766654,0.03647744573687978,0.0010982346055521963,Standing,Standing
61,0.001756372567525259,0.03617810978225907,0.010966109563256847,0.89645356014972,0.05330349572916872,0.0013423522080699818,Standing,Standing
62,0.0016276246077761608,0.013339506547371545,0.0026233273499464134,0.9555037401569075,0.026339545126301194,0.0005662562116970456,Standing,Standing
63,0.0017672136535662817,0.063446228121997,0.010360215217739558,0.8867251085140577,0.03630406163895303,0.0013971728536863745,Standing,Standing
64,0.0013489532650743888,0.03141460375318396,0.004415774318262707,0.930177737415057,0.03169019428948447,0.0009527369589377973,Standing,Standing
65,0.0023925192518265107,0.0747735316174792,0.015564874704913221,0.8569951965636534,0.04380837869962381,0.006465499162504007,Standing,Standing
66,0.0016172777818254582,0.07687248343477786,0.010670269207783934,0.8659020770125235,0.043106342887449085,0.0018315496756404562,Standing,Standing
67,0.004726589125093487,0.15441305095759075,0.030099510084716403,0.7580007903183426,0.033217976122087545,0.01954208339216953,Standing,Standing
68,0.0017143310279772582,0.08588683760902949,0.008121170842683477,0.8710045716655858,0.03144757777731583,0.001825511077407687,Standing,Standing
69,0.0015879750145674492,0.03853332760474093,0.007633301834923544,0.9156744685355147,0.03525339218427426,0.0013175348259792782,Standing,Standing
70,0.0023634277994424415,0.015067528444126956,0.004268689460540877,0.9416637265536182,0.034080560262755015,0.002556067479516683,Standing,Standing
71,0.0022355245153772747,0.13862926071466802,0.013437898309108855,0.7939600518201378,0.04785621689867508,0.003881047742033029,Standing,Standing
72,0.004210596279040956,0.1262520061913327,0.02132901066284914,0.7814093386164489,0.06258059536020827,0.00421845289012007,Standing,Standing
73,0.001740553981853959,0.051456189692648376,0.006731003578868473,0.902799570333146,0.03575798578741487,0.0015146966260675373,Standing,Standing
74,0.001771961074345209,0.12596220393039725,0.013991303205042618,0.8211256225539801,0.0353232791094537,0.0018256301267810938,Standing,Standing
75,0.0035304047326761463,0.006192368562466771,0.04651227439797759,0.4253695349435951,0.5167974669679816,0.0015979503953031722,Walking,Standing
76,0.006930226940383253,0.012438524358018972,0.008303909347138386,0.004918577457111222,0.004918660768597989,0.96249010112875,Wheeling,Wheeling
77,0.014774546867624517,0.012982816435003864,0.0064370392461343936,0.005620534021797926,0.007166862628247952,0.9530182008011913,Wheeling,Wheeling
78,0.0030290426819750546,0.17986689481431142,0.003573171945047562,0.008083981882988277,0.00455460046842759,0.8008923082072501,Wheeling,Wheeling
79,0.007487574365661914,0.28720867207247713,0.00452177588383365,0.005541507648681042,0.0028651297576335506,0.6923753402717128,Wheeling,Wheeling
80,0.007286015097211996,0.08356895439040106,0.004356172990689445,0.005134455504389456,0.002286901779787821,0.8973675002375207,Wheeling,Wheeling
81,0.0062652164326349935,0.08834890723851388,0.00451294386842221,0.006136395847424421,0.004825362988412745,0.8899111736245917,Wheeling,Wheeling
82,0.006107664261843468,0.20712565301741367,0.009193194572560761,0.010439276202563696,0.005986783975131656,0.7611474279704868,Wheeling,Wheeling
83,0.014005416006293946,0.00538583923099191,0.001916144970046454,0.0054099628362968616,0.013759336906654911,0.9595233000497156,Wheeling,Wheeling
84,0.006339205873246941,0.12544998326540457,0.007074043094971045,0.006571001158826144,0.004549671940137275,0.8500160946674139,Wheeling,Wheeling
85,0.009619328392193847,0.39022006522428454,0.010209992498059227,0.011360652608370495,0.005733703627657801,0.572856257649434,Wheeling,Wheeling
86,0.01240386032224684,0.012694758486641993,0.00551831157649935,0.0032318598152414808,0.004119262554759568,0.9620319472446105,Wheeling,Wheeling
87,0.005984714162920454,0.04633186380187367,0.0029435528038403882,0.005300305883424568,0.0030950192535094045,0.9363445440944314,Wheeling,Wheeling
88,0.002539459623724119,0.03642658803999739,0.004227432528657417,0.003745292777498846,0.0036144872839645502,0.9494467397461572,Wheeling,Wheeling
89,0.0056708938622543805,0.07101100088901749,0.003986376874397968,0.007477793207279128,0.0033711387959689475,0.908482796371082,Wheeling,Wheeling
90,0.00820012137454984,0.005350091870062873,0.001941938168511248,0.004711116725865654,0.00507196553185226,0.9747247663291585,Wheeling,Wheeling
91,0.0065423809118393276,0.02489152642666608,0.004993838209449437,0.004258725287459566,0.004631818844292508,0.9546817103202927,Wheeling,Wheeling
92,0.005002756807013102,0.09970487887812308,0.007562959539577564,0.006968955547534376,0.004733358824151081,0.8760270904036009,Wheeling,Wheeling
93,0.011095610238602224,0.007229706610968177,0.005706715234154577,0.0035522840966714206,0.004175360055827804,0.9682403237637756,Wheeling,Wheeling
94,0.009318633413910588,0.1802686669730091,0.009506145382933758,0.00822011637080785,0.0072730218059044545,0.7854134160534341,Wheeling,Wheeling
95,0.009485394968087198,0.14672247425660762,0.008374413330574192,0.00690549379789622,0.005830751559199342,0.8226814720876355,Wheeling,Wheeling
96,0.016851712032621095,0.011654976137326715,0.010974943596063654,0.004828251323241853,0.004160953785693883,0.9515291631250526,Wheeling,Wheeling
97,0.0058131588674462725,0.05080670237204883,0.006358833405956214,0.005019966903760168,0.004281964843622327,0.9277193736071662,Wheeling,Wheeling
98,0.02001564631833028,0.015190552905670682,0.017977841028331606,0.004452751940130601,0.006220035641546147,0.9361431721659909,Wheeling,Wheeling
99,0.04372838640033598,0.013191122553563835,0.007871766939042187,0.006615140434773022,0.016770203815112145,0.9118233798571725,Wheeling,Wheeling
100,0.02451251538146616,0.011111411191487558,0.009027659549222768,0.006754265088790416,0.013661139294226252,0.934933009494807,Wheeling,Wheeling
101,0.009230723742020984,0.021677862338984766,0.006733784081828305,0.005925706562688543,0.00879757935359302,0.947634343920884,Wheeling,Wheeling
102,0.010448297699605265,0.015334063429420786,0.0036578443286002906,0.0038516075374650204,0.0030152751317307795,0.963692911873178,Wheeling,Wheeling
103,0.009856043226734775,0.03660522262476437,0.0042103712105992005,0.003701836052743762,0.003281266801271167,0.9423452600838869,Wheeling,Wheeling
104,0.0069149154820474,0.036745762511997924,0.005486792828299655,0.006260558292369443,0.006328292130288006,0.9382636787549976,Wheeling,Wheeling
105,0.005688159817072378,0.022569093565101436,0.0036681593129876764,0.004701556874751517,0.004438405696777359,0.9589346247333098,Wheeling,Wheeling
106,0.007738230538752044,0.006607737129824027,0.003978427545905673,0.004149177513749614,0.0055586799635308345,0.9719677473082382,Wheeling,Wheeling
107,0.007186742197673464,0.0403496258214823,0.005064023496143193,0.010162855306643834,0.005383372696812358,0.9318533804812448,Wheeling,Wheeling
108,0.008574254660034796,0.0870328517780535,0.007160553646429961,0.00651653742546163,0.0041348604352169326,0.8865809420548031,Wheeling,Wheeling
109,0.006044181868683341,0.32770645620882166,0.011626191261918892,0.01740746035350165,0.004536613474007435,0.6326790968330669,Wheeling,Wheeling
110,0.009023816297668328,0.14325456671238354,0.003752780018720213,0.012279212091297233,0.009078310665928253,0.8226113142140025,Wheeling,Wheeling
111,0.0025198178970626357,0.051464132300881975,0.0034503137798873665,0.005584524995859525,0.0021862018762567113,0.9347950091500518,Wheeling,Wheeling
112,0.003570372518835896,0.26739992552950453,0.00427397992040081,0.006582297396865975,0.003206854600202118,0.7149665700341905,Wheeling,Wheeling
113,0.008121315569741158,0.024256320409691175,0.1125744405136607,0.17255399100885732,0.6758656177351983,0.006628314762851235,Walking,Walking
114,0.00861461215035426,0.004775229171792247,0.431732502765137,0.006381536528923558,0.5419753977471493,0.006520721636643092,Walking,Walking
115,0.03268551826205196,0.0032962590779243963,0.4133336157709202,0.006866457486728037,0.5349675397627691,0.008850609639606547,Walking,Walking
116,0.012693239021429834,0.04692963277515326,0.29140295717974396,0.08200608661559887,0.5302850920575501,0.036682992350524184,Walking,Walking
117,0.011603011516227262,0.0022219173422994044,0.1466269181552636,0.36394969585798953,0.4746188773998648,0.0009795797283557793,Walking,Walking
118,0.005879094055941856,0.0016126203077943045,0.27488760529001394,0.025496943907542893,0.6910578966199317,0.001065839818775585,Walking,Walking
119,0.003977445457913587,0.0003172187663454942,0.027855741650361046,0.0036729343138140113,0.9634336422188738,0.0007430175926917378,Walking,Walking
120,0.005168510683697312,0.0005533129186668786,0.07123977844391866,0.0037737268080492705,0.918340413089673,0.0009242580559948279,Walking,Walking
121,0.0008557475203126366,0.0002049738664761668,0.03561351361935475,0.0018862930376469936,0.9605340438152719,0.0009054281409374975,Walking,Walking
122,0.002467017946762287,0.0005768754392368251,0.10597765762240426,0.007749399589195753,0.8824174441810373,0.0008116052213634858,Walking,Walking
123,0.0029884345997705764,0.0006620630604345331,0.10975521380369589,0.0049976476423457756,0.8805593047845645,0.0010373361091887288,Walking,Walking
124,0.012019898113552422,0.0016906240542111785,0.05898874762513745,0.011414487288923785,0.9133782027965336,0.0025080401216415744,Walking,Walking
125,0.004163983191144701,0.001217743659768207,0.07099175565866396,0.05820914936492789,0.8644469231664174,0.0009704449590781089,Walking,Walking
126,0.0026539062605832535,0.0055956419439860666,0.07817785100239982,0.03875535587900972,0.871250945092433,0.0035662998215881653,Walking,Walking
127,0.0096142516794286,0.0015894512956370218,0.05499793110748507,0.016450984519795153,0.915050671571892,0.0022967098257622985,Walking,Walking
128,0.005488522343934269,0.0019585332716203054,0.11426978457320945,0.022053030878135642,0.8546972341473347,0.0015328947857655396,Walking,Walking
129,0.004546076487518502,0.00014472120806714,0.03185152812769268,0.001448294586060251,0.9613839930112682,0.0006253865793932931,Walking,Walking
130,0.00644235590743251,0.00044305778039184225,0.07937315080860212,0.004615131555502601,0.9082016250967652,0.0009246788513053028,Walking,Walking
131,0.005358380660004531,0.0002611069876877684,0.02317161861667715,0.004585444888122729,0.9658936426411925,0.0007298062063153042,Walking,Walking
132,0.005049914792557622,0.0005174043778397314,0.04349775897717655,0.009017755033237972,0.9409718559720281,0.0009453108471600909,Walking,Walking
133,0.006294202462879877,0.0022884066271685946,0.1873634398888775,0.017622515098840802,0.78348482847156,0.0029466074506736104,Walking,Walking
134,0.012830151019448729,0.009117244618981925,0.16737771320285774,0.03699782230262241,0.7659904516485119,0.007686617207577542,Walking,Walking
135,0.010374586757867546,0.006641209731048458,0.08547616639797416,0.03384451776456821,0.858613406808696,0.005050112539845668,Walking,Walking
136,0.013363072096182841,0.003889703388287214,0.09169315111374977,0.03969482650020255,0.8486506869668937,0.0027085599346839033,Walking,Walking
137,0.0017076649726450446,0.00031245373450515605,0.09103941367717563,0.003168958931211954,0.9033209967389496,0.0004505119455124231,Walking,Walking
138,0.005478437534044776,0.002750570183882421,0.038831009270611616,0.026550114694578648,0.9243549736144908,0.0020348947023920154,Walking,Walking
139,0.008650997372194375,0.0020250221266548698,0.019202018689275128,0.01370129206291201,0.9541765251184966,0.0022441446304669256,Walking,Walking
140,0.004918121706824145,0.0050596709175053855,0.09095399950761843,0.20360486000523675,0.6933533111125086,0.002110036750306295,Walking,Walking
141,0.003268387379143448,0.33372831110137224,0.010322435948276011,0.6137284798907608,0.024624245306224028,0.014328140374223293,Standing,Sitting
142,0.0037891638641224194,0.2265973668016482,0.027931853218432466,0.7020351695694271,0.02806456264598507,0.01158188390038501,Standing,Sitting
143,0.0019481486994146532,0.3199758115097819,0.015310976294280017,0.631246826044295,0.021161233078981097,0.010357004373247224,Standing,Sitting
144,0.0023672588590588858,0.38697114812386363,0.00995496931758395,0.5566427839929055,0.021597491093884372,0.02246634861270391,Standing,Sitting
145,0.0050317772123572805,0.121658212093137,0.0028142030122331432,0.8426889987704553,0.004769466532811413,0.023037342379005413,Standing,Sitting
146,0.004556214771240742,0.15402352019982227,0.008743107746344384,0.8177650464062287,0.008463484801096205,0.006448626075267402,Standing,Sitting
147,0.004556214771240742,0.15402352019982227,0.008743107746344384,0.8177650464062287,0.008463484801096205,0.006448626075267402,Standing,Sitting
148,0.004556214771240742,0.15402352019982227,0.008743107746344384,0.8177650464062287,0.008463484801096205,0.006448626075267402,Standing,Sitting
149,0.004556214771240742,0.15402352019982227,0.008743107746344384,0.8177650464062287,0.008463484801096205,0.006448626075267402,Standing,Sitting
150,0.004556214771240742,0.15402352019982227,0.008743107746344384,0.8177650464062287,0.008463484801096205,0.006448626075267402,Standing,Sitting
151,0.0035145985348813565,0.6651085161441154,0.011836730582410148,0.29989313265522866,0.00851271357566218,0.011134308507702148,Sitting,Sitting
152,0.003466713649157705,0.3012699624243477,0.0107295501834057,0.6662852408980179,0.008290396150644242,0.009958136694426776,Standing,Sitting
153,0.0029084483083978195,0.13302964394639508,0.006711258341512342,0.8366358876470028,0.0081269153227682,0.012587846433923182,Standing,Sitting
154,0.003464679894224435,0.3538057282623932,0.008641416179087449,0.5814679243110021,0.021308116477940033,0.03131213487535276,Standing,Sitting
155,0.004056233536761379,0.28505752829091463,0.013773990833957387,0.6680307941719064,0.014947046094376698,0.01413440707208362,Standing,Sitting
156,0.004452433522406223,0.48398556070525706,0.01195387122170213,0.4520008939360986,0.03309021393924838,0.014517026675287372,Standing,Sitting
157,0.0026824066229497318,0.23438483956520684,0.006876571156349539,0.7458317140589549,0.002508563292947342,0.00771590530359159,Standing,Sitting
158,0.002217114770867781,0.14619589767485897,0.001885724090492967,0.8424367242146584,0.0010189839966685238,0.00624555525245324,Standing,Sitting
159,0.0030894000514649646,0.13289618707266404,0.011086099797411802,0.8272567405976269,0.013011779028609774,0.01265979345222235,Standing,Sitting
160,0.003512144503724375,0.10517686190395344,0.020579779969993536,0.8055973452597368,0.014850516798070567,0.050283351564521114,Standing,Sitting
161,0.003499393189870766,0.32564427888352215,0.013616882547459477,0.6204190331792596,0.01966840626050279,0.017152005939385276,Standing,Sitting
162,0.002941149000878485,0.3270060200784766,0.015410170110312283,0.6200740450801473,0.01753384499236916,0.01703477073781617,Standing,Sitting
163,0.0024256784964336105,0.20700058963937218,0.013362604193577104,0.7551339593678267,0.00627387516845635,0.015803293134333762,Standing,Sitting
164,0.0023847529542253133,0.3337831856103913,0.018567809607358585,0.6118125446505581,0.01710812542136314,0.016343581756103655,Standing,Sitting
165,0.0018695320037675212,0.3450739314158023,0.019433271592642905,0.5985892194993974,0.015509677751946525,0.019524367736443612,Standing,Sitting
166,0.0029548276570660957,0.18877425246258472,0.012521327880608698,0.7669206164650703,0.013705331271982145,0.01512364426268789,Standing,Sitting
167,0.0009471309676760983,0.04521201871822713,0.016009129263347167,0.8997551576543141,0.005987588938179682,0.03208897445825595,Standing,Sitting
168,0.003128816625151761,0.29677789759747064,0.012350072303823838,0.6704872513854622,0.006018785509780568,0.01123717657831081,Standing,Sitting
169,0.003128816625151761,0.29677789759747064,0.012350072303823838,0.6704872513854622,0.006018785509780568,0.01123717657831081,Standing,Sitting
170,0.003128816625151761,0.29677789759747064,0.012350072303823838,0.6704872513854622,0.006018785509780568,0.01123717657831081,Standing,Sitting
171,0.00448224340517445,0.5248978779392303,0.035358464672734055,0.39673941095656023,0.020216967295121905,0.018305035731178896,Standing,Sitting
172,0.00236960446154182,0.4405933005492847,0.014027570139066891,0.5078075440854279,0.010566980150935703,0.024635000613742804,Standing,Sitting
173,0.002750081012028572,0.5646112780091607,0.014095560716551976,0.38481004368392924,0.0139140257522297,0.019819010826100106,Standing,Sitting
174,0.0038771393072593516,0.3661903040778007,0.008198758576856395,0.6035580097140475,0.005840843259810761,0.012334945064225151,Standing,Sitting
175,0.008149244237689118,0.21997560570313263,0.007861418103178136,0.0048225003682793,0.003268669202365378,0.7559225623853552,Wheeling,Wheeling
176,0.00497639472412548,0.11715206328179621,0.006457764777818732,0.006268489702620377,0.004748782483333173,0.8603965050303062,Wheeling,Wheeling
177,0.006740909554198082,0.26478374997188536,0.012717882574797104,0.010736258547885015,0.0051313376591217074,0.6998898616921125,Wheeling,Wheeling
178,0.006730973975144679,0.13663961677183215,0.012755664084475354,0.008970055385728998,0.0056187960598676106,0.8292848937229512,Wheeling,Wheeling
179,0.004475932050056393,0.04074347089782001,0.006294566115194019,0.005698249015611009,0.00450814663367034,0.9382796352876487,Wheeling,Wheeling
180,0.009900242943756183,0.050591990333160565,0.01301872446249512,0.009520552871012812,0.007298104165497122,0.9096703852240784,Wheeling,Wheeling
181,0.0063605090838044255,0.12174725676502833,0.00862540900821376,0.007123413248061854,0.00326180021190348,0.8528816116829878,Wheeling,Wheeling
182,0.009176329127024463,0.04761252344779989,0.010235258796637241,0.004837621526338817,0.004840178180066497,0.9232980889221334,Wheeling,Wheeling
183,0.0076882343680770605,0.005153107629207844,0.006381968976890678,0.004197765021293141,0.005496385920619481,0.9710825380839114,Wheeling,Wheeling
184,0.006502159219167683,0.06548284145728316,0.009576687399825246,0.0061658827311757295,0.0054810124455311705,0.9067914167470171,Wheeling,Wheeling
185,0.005491495348607005,0.1778907602008578,0.010277843936806582,0.00645391288249016,0.005328214860077538,0.7945577727711608,Wheeling,Wheeling
186,0.006409199432728454,0.045605626537446514,0.00817990731847387,0.010932007756534723,0.007172181471301237,0.9217010774835153,Wheeling,Wheeling
187,0.006457892321146201,0.12191899886654393,0.011512202164534573,0.009558152071994909,0.0049558663822692126,0.8455968881935111,Wheeling,Wheeling
188,0.010910751599113783,0.04639480164821145,0.008433836224365089,0.005771766019010921,0.003675376435382536,0.9248134680739165,Wheeling,Wheeling
189,0.005393299772558259,0.011061249373607064,0.004070519394125588,0.005053534763237715,0.0037002161856540855,0.9707211805108171,Wheeling,Wheeling
190,0.007385063617303702,0.00757279497695399,0.005608315908230857,0.003411191149856511,0.002835356454507787,0.9731872778931473,Wheeling,Wheeling
191,0.004763672964277199,0.017012987999719394,0.006960698581001349,0.007710533366764747,0.005225227479082801,0.9583268796091549,Wheeling,Wheeling
192,0.0033364824923259027,0.026497724499726073,0.009146670478924488,0.013707409309569641,0.005385183272986222,0.9419265299464679,Wheeling,Wheeling
193,0.005856914595536099,0.36468050186050943,0.012958982208698741,0.02259225694575115,0.007509475583228081,0.5864018688062768,Wheeling,Wheeling
194,0.007626313233749266,0.279925508920149,0.0054183960162647316,0.010987923391210578,0.004811801994560089,0.6912300564440668,Wheeling,Wheeling
195,0.005816349937749653,0.06853031949450793,0.004102509544416773,0.006202601242962797,0.004209216641126573,0.9111390031392359,Wheeling,Wheeling
196,0.9944923696594472,0.00022746189341612438,0.0010840869256907501,0.0006147537945173266,0.001958840416678911,0.0016224873102496829,Lying,Lying
197,0.9929501181670191,8.843265134806883e-05,0.0004071914841475768,0.000721262431908043,0.0024172858167791694,0.003415709448798033,Lying,Lying
198,0.9924055412718881,0.0008762535894002333,0.0004376078048142594,0.0015249730377140701,0.0012706633693374168,0.0034849609268460873,Lying,Lying
199,0.9936456514465254,0.0003489672885590643,0.00016841608678862472,0.001978442559641143,0.0009197942888113721,0.002938728329673843,Lying,Lying
200,0.990703599302079,0.0018012736670191525,0.001123718401111991,0.0026232199052296135,0.0011797160009388904,0.002568472723621382,Lying,Lying
201,0.9897773997045731,0.0018923104475575805,0.001035153281456672,0.0020171652935976813,0.001835562873817944,0.0034424083989967277,Lying,Lying
202,0.9853343473395135,0.0025339414252724688,0.0018973374993358795,0.0024322097555275735,0.0028996017143859457,0.004902562265964989,Lying,Lying
203,0.9925944755380498,0.0017833502888490488,0.00041759452218029805,0.0013757266659564307,0.0008009191367266047,0.0030279338482376225,Lying,Lying
204,0.9925944755380498,0.0017833502888490488,0.00041759452218029805,0.0013757266659564307,0.0008009191367266047,0.0030279338482376225,Lying,Lying
205,0.9925944755380498,0.0017833502888490488,0.00041759452218029805,0.0013757266659564307,0.0008009191367266047,0.0030279338482376225,Lying,Lying
206,0.9925944755380498,0.0017833502888490488,0.00041759452218029805,0.0013757266659564307,0.0008009191367266047,0.0030279338482376225,Lying,Lying
207,0.9925944755380498,0.0017833502888490488,0.00041759452218029805,0.0013757266659564307,0.0008009191367266047,0.0030279338482376225,Lying,Lying
208,0.9925944755380498,0.0017833502888490488,0.00041759452218029805,0.0013757266659564307,0.0008009191367266047,0.0030279338482376225,Lying,Lying
209,0.9925944755380498,0.0017833502888490488,0.00041759452218029805,0.0013757266659564307,0.0008009191367266047,0.0030279338482376225,Lying,Lying
210,0.9925944755380498,0.0017833502888490488,0.00041759452218029805,0.0013757266659564307,0.0008009191367266047,0.0030279338482376225,Lying,Lying
211,0.9925944755380498,0.0017833502888490488,0.00041759452218029805,0.0013757266659564307,0.0008009191367266047,0.0030279338482376225,Lying,Lying
212,0.9925944755380498,0.0017833502888490488,0.00041759452218029805,0.0013757266659564307,0.0008009191367266047,0.0030279338482376225,Lying,Lying
213,0.9925944755380498,0.0017833502888490488,0.00041759452218029805,0.0013757266659564307,0.0008009191367266047,0.0030279338482376225,Lying,Lying
214,0.9925944755380498,0.0017833502888490488,0.00041759452218029805,0.0013757266659564307,0.0008009191367266047,0.0030279338482376225,Lying,Lying
215,0.9925944755380498,0.0017833502888490488,0.00041759452218029805,0.0013757266659564307,0.0008009191367266047,0.0030279338482376225,Lying,Lying
216,0.9925944755380498,0.0017833502888490488,0.00041759452218029805,0.0013757266659564307,0.0008009191367266047,0.0030279338482376225,Lying,Lying
217,0.9925944755380498,0.0017833502888490488,0.00041759452218029805,0.0013757266659564307,0.0008009191367266047,0.0030279338482376225,Lying,Lying
218,0.9925944755380498,0.0017833502888490488,0.00041759452218029805,0.0013757266659564307,0.0008009191367266047,0.0030279338482376225,Lying,Lying
219,0.9925944755380498,0.0017833502888490488,0.00041759452218029805,0.0013757266659564307,0.0008009191367266047,0.0030279338482376225,Lying,Lying
220,0.9925944755380498,0.0017833502888490488,0.00041759452218029805,0.0013757266659564307,0.0008009191367266047,0.0030279338482376225,Lying,Lying
221,0.9925944755380498,0.0017833502888490488,0.00041759452218029805,0.0013757266659564307,0.0008009191367266047,0.0030279338482376225,Lying,Lying
222,0.9925944755380498,0.0017833502888490488,0.00041759452218029805,0.0013757266659564307,0.0008009191367266047,0.0030279338482376225,Lying,Lying
223,0.9930680717052035,0.00031183110744385155,0.001450956988172819,0.0006538070950303912,0.0025480502594657306,0.001967282844683706,Lying,Lying
224,0.17640855301560474,0.0034519044619327074,0.6205966583740073,0.006359702919295128,0.06476683526553205,0.12841634596362805,StairClimbing,Lying
225,0.0014786433278944327,0.005565572018028339,0.010350700501056291,0.9462193449056966,0.03589692004659983,0.0004888192007239617,Standing,Standing
226,0.0015216847716502924,0.005315686606381215,0.008728860136243759,0.9525066161568575,0.031443583380812004,0.00048356894805511686,Standing,Standing
227,0.001306249414885445,0.0027378605517362465,0.00232911449131945,0.9450679828226635,0.0483523680174113,0.00020642470198386616,Standing,Standing
228,0.0011141103145510913,0.00415602529449087,0.004777411543191282,0.9409030347043885,0.04868202065166606,0.0003673974917124764,Standing,Standing
229,0.001429243045836381,0.0005375523076631226,0.006531733155429072,0.9224920393089368,0.0681497372411334,0.000859694941001096,Standing,Standing
230,0.00305091530550254,0.0025427370701246454,0.015563951943113346,0.7707662448534193,0.20747383630784993,0.0006023145199903201,Standing,Standing
231,0.001673740406763242,0.0008975799742243813,0.0031693405312491277,0.8475478639652271,0.14650880957776916,0.0002026655447670796,Standing,Standing
232,0.001928367489025669,0.002591345289134624,0.010718985165071644,0.8449657614839818,0.13946192390729456,0.0003336166654913808,Standing,Standing
233,0.002271436945325274,0.0017150468184445977,0.0038058379468498844,0.8560876228765397,0.13579490227633736,0.00032515313650322095,Standing,Standing
234,0.0012718285792336793,0.0014227925482212314,0.002378963071036152,0.9227397705323456,0.07198444743378424,0.0002021978353788695,Standing,Standing
235,0.0015475469723063547,0.003046102033880079,0.01025909772858123,0.8869434859399588,0.09783285409646097,0.00037091322881301536,Standing,Standing
236,0.0011731481529494128,0.0011805312618945588,0.0016053341296370304,0.943840622365198,0.05202599655967339,0.00017436753064773716,Standing,Standing
237,0.001616014483393294,0.0019369696922632922,0.002464980486132313,0.9273643254509696,0.0663936553989766,0.00022405448826490673,Standing,Standing
238,0.001303162648198058,0.002180224907774262,0.004952715516829462,0.9257047772611189,0.0656285060861285,0.00023061357995075637,Standing,Standing
239,0.0011372536609083799,0.0022491915188282098,0.005652173649332623,0.9249351310062874,0.0658027430511839,0.00022350711345971343,Standing,Standing
240,0.0019529777440888561,0.0027003246485811194,0.002658899295989421,0.8952000975711486,0.09719876362250353,0.0002889371176883819,Standing,Standing
241,0.001064426987033118,0.0029842966800317705,0.002531919017281925,0.9599533018726804,0.033320735088767144,0.00014532035420571304,Standing,Standing
242,0.0014287191643847519,0.00015524096762079253,0.005203582427558309,0.00476203360641934,0.9883016826953002,0.00014874113871671049,Walking,Walking
243,0.0023322499295461573,0.000149016696170425,0.004722451659966256,0.0013655806571608365,0.9912216376002001,0.00020906345695615963,Walking,Walking
244,0.0015026999012803474,0.00010049478716415347,0.01152092814370124,0.0003139341271486371,0.9864401704788092,0.00012177256189650866,Walking,Walking
245,0.0007458287120170572,0.00011299409338360357,0.14480227256840103,0.0008058223425196014,0.8533994608939115,0.00013362138976691295,Walking,Walking
246,0.0006614326475768221,4.991073129318025e-06,0.00045255441344845503,0.0011154409892493113,0.9977260329292655,3.954794733041364e-05,Walking,Walking
247,0.001625984846084336,0.00017163792196157922,0.0071590696953159234,0.004524158395926642,0.9863203691122929,0.00019878002841858396,Walking,Walking
248,0.002463881417637599,6.970522754178606e-05,0.001328320169514863,0.058123175166124,0.9378123125286792,0.0002026054905024495,Walking,Walking
249,0.004832565731702777,0.0013565185851188292,0.025015014126102703,0.09252360330700657,0.8753217141959024,0.0009505840541667613,Walking,Walking
250,0.0009251142693088877,0.00025109188403746075,0.06368176516822242,0.003045697590667347,0.9318742109221807,0.00022212016558311752,Walking,Walking
251,0.000754541850270651,3.850799344126744e-05,0.09790248520470243,0.0017418728465303326,0.899504387850563,5.82042544923565e-05,Walking,Walking
252,0.003630328941275218,0.0001876543416590823,0.008886337786433406,0.0011295570356142526,0.9858921704811463,0.00027395141387158206,Walking,Walking
253,0.0013366446703470271,6.424288222374955e-05,0.003323454467110929,0.000589137346414441,0.9945659908569165,0.00012052977698736666,Walking,Walking
254,0.0005074309544437952,4.950125977940343e-05,0.01054327700789851,0.0003348785198910947,0.9885128430237322,5.206923425538684e-05,Walking,Walking
255,0.0008354903283206646,9.997771735777336e-05,0.011487732884225194,0.0020475059478266325,0.9854274549195007,0.00010183820276902321,Walking,Walking
256,0.0010451247200245187,0.00010210648992317485,0.005979669000142465,0.011781741975886176,0.9809426009556017,0.00014875685842182253,Walking,Walking
257,0.0005896121339990139,6.326885441267497e-05,0.011041114971069688,0.0012920865288187664,0.986947378783145,6.65387285547165e-05,Walking,Walking
258,0.005033714578661292,0.0007691824267514196,0.010595745686789506,0.030793553526461428,0.9521547995209327,0.0006530042604033336,Walking,Walking
259,0.0013349283236496095,0.00033029048244695024,0.02467475985388199,0.044222571448177574,0.9292180382286691,0.0002194116631747244,Walking,Walking
260,0.003811873033438654,0.0008464265608648934,0.015535670738888153,0.03682246079957113,0.942384334004065,0.0005992348631718948,Walking,Walking
261,0.004095536292047791,0.0009624501914462794,0.0168243596140175,0.07794458488739354,0.8994509336370011,0.0007221353780939354,Walking,Walking
262,0.0009023888070648557,0.00013025178719667984,0.012064534657165218,0.01456010034422842,0.9721783918231925,0.00016433258115258002,Walking,Walking
263,0.00032500057496081554,0.00014362653560803836,0.02371045242284103,0.0006902248544988341,0.9750933034222558,3.7392189835607266e-05,Walking,Walking
264,0.0025191926083454027,0.00021477594964741258,0.008862432945453465,0.005800730968610866,0.982280546725817,0.00032232080212581316,Walking,Walking
265,0.0053008825999246185,0.0008503211804044942,0.010872208734409406,0.03684959581866302,0.9454347638524063,0.0006922278141921572,Walking,Walking
266,0.007909253260543326,0.0004015233626651046,0.007719178462435485,0.04809895884413219,0.935441892649758,0.0004291934204660956,Walking,Walking
267,0.0036230133277351736,0.16767667437351877,0.016801560300460535,0.7460127159211064,0.06155285874232055,0.00433317733485853,Standing,Standing
268,0.0065215698170340945,0.4242107967228629,0.021389522436452778,0.47801947741270745,0.05812967180211562,0.011728961808827203,Sitting,Standing
269,0.003941528440548839,0.5552712526470442,0.023220581455350532,0.36322054236258156,0.04544385942877305,0.008902235665701667,Sitting,Standing
270,0.0029639154552120552,0.5337039511888196,0.032995049092675865,0.39446136771994766,0.027442118537518403,0.008433598005826668,Sitting,Standing
271,0.002713612625412981,0.5500470008846519,0.018496068399003925,0.3825297965644336,0.03710094730737564,0.00911257421912193,Sitting,Standing
272,0.002982990268315344,0.5977805186355162,0.021639163059995286,0.34575546592506023,0.0246636548184539,0.007178207292659274,Sitting,Standing
273,0.0030056383912464932,0.7141727176184276,0.02102468553221949,0.22933324266433427,0.01797545195003941,0.014488263843732632,Sitting,Standing
274,0.0027482206527825893,0.6474577146760679,0.01568715538316256,0.292140525319976,0.03397707159851705,0.007989312369494059,Sitting,Standing
275,0.004460652176599455,0.6354024806320963,0.021393736084207644,0.28679158867063886,0.04162894854716521,0.010322593889292474,Sitting,Standing
