,0,1,2,3,4,5,modelStates,target
0,0.983274478581854,0.004020300375871788,0.0030227628932715553,0.0013090145879814453,0.0034795305973275626,0.004893912963693598,Lying,Lying
1,0.9861082088302701,0.0025153040225418173,0.002087961114558084,0.0025351688902960795,0.0017858992805003028,0.004967457861833611,Lying,Lying
2,0.9833967378906255,0.0027606481112777254,0.002313767301103552,0.0023823422591198605,0.0034145215666949247,0.005731982871178227,Lying,Lying
3,0.9903097487915502,0.0013246956006712223,0.0019646875482980464,0.0010631893369328065,0.0027822160312891316,0.0025554626912587084,Lying,Lying
4,0.9874773661636391,0.003493624405198505,0.002503290008063696,0.0010264493977854344,0.0036623443690067706,0.0018369256563066198,Lying,Lying
5,0.9978979164448163,2.482109535476003e-05,0.0006708359154884688,0.00021541413521777224,0.0008437694714373754,0.00034724293768514475,Lying,Lying
6,0.9749226902549009,0.0003517589947637729,0.005401699849213944,0.002320564007382843,0.010981077436178462,0.006022209457559895,Lying,Lying
7,0.9815133283753247,0.0034395228105052,0.0025837776897866963,0.003346778974430317,0.002515374958393804,0.006601217191559132,Lying,Lying
8,0.9815207445419973,0.0037152180577808857,0.002521129205153637,0.0032518275061881926,0.0025593634208104384,0.006431717268069139,Lying,Lying
9,0.9776488897874601,0.006520852578059846,0.0028326024621946645,0.0034573462981896826,0.0026726507692753773,0.00686765810482051,Lying,Lying
10,0.9785472558626729,0.005544626159920789,0.0026928868214644466,0.003440610301802144,0.002350381601501864,0.007424239252637862,Lying,Lying
11,0.980810996293001,0.0020438858044845823,0.002706503592985851,0.0031617972450056443,0.0036571553568266243,0.007619661707696384,Lying,Lying
12,0.982133809970365,0.0027173221812184746,0.002274407912658605,0.0031869667692271285,0.0026043371790077,0.0070831559875230345,Lying,Lying
13,0.9800104416554708,0.005561745584377426,0.0030685460742006306,0.0033911566005770475,0.0022438580386909476,0.0057242520466831105,Lying,Lying
14,0.9798504906845197,0.004837633413787391,0.002615267160635358,0.003267495985641048,0.0026240962067513103,0.006805016548665113,Lying,Lying
15,0.9856231851901301,0.0011152848804536649,0.0027821433372894407,0.0033317133102429494,0.0028366646061671165,0.004311008675716684,Lying,Lying
16,0.9791497097000149,0.004678730723041367,0.0025909500274451758,0.0034908387001936327,0.0024860501433615146,0.007603720705943069,Lying,Lying
17,0.9825838897533274,0.003347443895989945,0.0026089052534938916,0.003129797035659584,0.0023910045491000484,0.005938959512429216,Lying,Lying
18,0.9818448221290271,0.0036343947881123783,0.0025963630523228075,0.003221060292287416,0.002514752107982294,0.0061886076302683545,Lying,Lying
19,0.9837800689658264,0.002803969254245481,0.002775877768158747,0.0031005721541865513,0.0023720472318012006,0.005167464625781935,Lying,Lying
20,0.9807708408817627,0.0035804836654309267,0.0028619626040840003,0.003488758513623834,0.002912912669521625,0.006385041665577047,Lying,Lying
21,0.9784609212896878,0.004715017803654785,0.002796805248783674,0.0036863636857349972,0.002921012049125213,0.007419879923013422,Lying,Lying
22,0.9797883065800703,0.003805877471858005,0.0025965969714636223,0.0034794558932788383,0.0026944824158774126,0.007635280667451599,Lying,Lying
23,0.9760748979574219,0.006990542408015172,0.002843319390575912,0.0035833831886146164,0.002857979322753925,0.007649877732618578,Lying,Lying
24,0.9804902440253125,0.004099834825410293,0.0026656454957005014,0.003344881131980644,0.002496140262694906,0.0069032542589008905,Lying,Lying
25,0.981117337876673,0.003484592166215428,0.0025553203726062933,0.0034010355684697367,0.0025578138305710325,0.006883900185464419,Lying,Lying
26,0.9794351231416308,0.0042223563931221095,0.0025328182540885987,0.0034535668304121036,0.0025336506486686836,0.007822484732077632,Lying,Lying
27,0.9792499683844399,0.004384844039463743,0.002635768491402934,0.0035064283006076523,0.0026765631480086764,0.007546427636077137,Lying,Lying
28,0.970134881176859,0.01047802441734318,0.002400417769131437,0.0035946550058721604,0.002881445160828032,0.0105105764699663,Lying,Lying
29,0.970134881176859,0.01047802441734318,0.002400417769131437,0.0035946550058721604,0.002881445160828032,0.0105105764699663,Lying,Lying
30,0.970134881176859,0.01047802441734318,0.002400417769131437,0.0035946550058721604,0.002881445160828032,0.0105105764699663,Lying,Lying
31,0.970134881176859,0.01047802441734318,0.002400417769131437,0.0035946550058721604,0.002881445160828032,0.0105105764699663,Lying,Lying
32,0.970134881176859,0.01047802441734318,0.002400417769131437,0.0035946550058721604,0.002881445160828032,0.0105105764699663,Lying,Lying
33,0.970134881176859,0.01047802441734318,0.002400417769131437,0.0035946550058721604,0.002881445160828032,0.0105105764699663,Lying,Lying
34,0.970134881176859,0.01047802441734318,0.002400417769131437,0.0035946550058721604,0.002881445160828032,0.0105105764699663,Lying,Lying
35,0.970134881176859,0.01047802441734318,0.002400417769131437,0.0035946550058721604,0.002881445160828032,0.0105105764699663,Lying,Lying
36,0.970134881176859,0.01047802441734318,0.002400417769131437,0.0035946550058721604,0.002881445160828032,0.0105105764699663,Lying,Lying
37,0.979322222282857,0.003976456806355194,0.0020386881812490022,0.00305542780419727,0.002740849086981098,0.008866355838360408,Lying,Lying
38,0.979322222282857,0.003976456806355194,0.0020386881812490022,0.00305542780419727,0.002740849086981098,0.008866355838360408,Lying,Lying
39,0.979322222282857,0.003976456806355194,0.0020386881812490022,0.00305542780419727,0.002740849086981098,0.008866355838360408,Lying,Lying
40,0.979322222282857,0.003976456806355194,0.0020386881812490022,0.00305542780419727,0.002740849086981098,0.008866355838360408,Lying,Lying
41,0.979322222282857,0.003976456806355194,0.0020386881812490022,0.00305542780419727,0.002740849086981098,0.008866355838360408,Lying,Lying
42,0.979322222282857,0.003976456806355194,0.0020386881812490022,0.00305542780419727,0.002740849086981098,0.008866355838360408,Lying,Lying
43,0.979322222282857,0.003976456806355194,0.0020386881812490022,0.00305542780419727,0.002740849086981098,0.008866355838360408,Lying,Lying
44,0.979322222282857,0.003976456806355194,0.0020386881812490022,0.00305542780419727,0.002740849086981098,0.008866355838360408,Lying,Lying
45,0.979322222282857,0.003976456806355194,0.0020386881812490022,0.00305542780419727,0.002740849086981098,0.008866355838360408,Lying,Lying
46,0.979322222282857,0.003976456806355194,0.0020386881812490022,0.00305542780419727,0.002740849086981098,0.008866355838360408,Lying,Lying
47,0.979322222282857,0.003976456806355194,0.0020386881812490022,0.00305542780419727,0.002740849086981098,0.008866355838360408,Lying,Lying
48,0.979322222282857,0.003976456806355194,0.0020386881812490022,0.00305542780419727,0.002740849086981098,0.008866355838360408,Lying,Lying
49,0.979322222282857,0.003976456806355194,0.0020386881812490022,0.00305542780419727,0.002740849086981098,0.008866355838360408,Lying,Lying
50,0.979322222282857,0.003976456806355194,0.0020386881812490022,0.00305542780419727,0.002740849086981098,0.008866355838360408,Lying,Lying
51,0.9897510662698441,0.001986651716246334,0.0014512857393662716,0.0015054111805061336,0.0019204697599402268,0.003385115334097144,Lying,Lying
52,0.3677729818853271,0.062138339258088655,0.031553066664346874,0.02935575828799487,0.07386485650754278,0.43531499739669965,Lying,Sitting
53,0.005450388890508647,0.074126992037199,0.014193610233968656,0.05038288194295798,0.05032502543105792,0.8055211014643078,Wheeling,Sitting
54,0.002116197369916288,0.9514052132238656,0.0013729216193972423,0.0018416255764471148,0.0013185987355624495,0.041945443474811675,Sitting,Sitting
55,0.0015737761866535228,0.7944784948081512,0.002585889412689603,0.010374317858338087,0.006122679415353275,0.18486484231881425,Sitting,Sitting
56,0.0021918300714638093,0.8463876191949428,0.002054253888237302,0.0025533022777843215,0.0051681788771718775,0.1416448156903997,Sitting,Sitting
57,0.0020016134781778738,0.7667098895766082,0.001678044802267676,0.004406713790569829,0.0032729589432888284,0.22193077940908754,Sitting,Sitting
58,0.0018716191229370747,0.9797288658545968,0.0009588388891545219,0.000657061639303691,0.0017833637566738183,0.015000250737334308,Sitting,Sitting
59,0.0017001547092441774,0.9094836510892326,0.0008696082197849571,0.002724131380295273,0.002484649190677891,0.0827378054107652,Sitting,Sitting
60,0.0017873720265948563,0.7747067078386003,0.0020510289880967176,0.0045001834897202215,0.0008369374564197384,0.2161177702005682,Sitting,Sitting
61,0.001757279681361347,0.9896277530447071,0.0010140870342024645,0.00045511352217548085,0.0007704993282685968,0.006375267389284699,Sitting,Sitting
62,0.001679607781756764,0.9306901807383786,0.0008455086203598178,0.0018849123904435996,0.0031122107744678486,0.061787579694593524,Sitting,Sitting
63,0.001930405482862769,0.9918160685677405,0.000521883838403288,0.00022380845008086728,0.0030462760627709105,0.002461557598141678,Sitting,Sitting
64,0.001930405482862769,0.9918160685677405,0.000521883838403288,0.00022380845008086728,0.0030462760627709105,0.002461557598141678,Sitting,Sitting
65,0.0016607751317480953,0.9586135406545168,0.0011655296189853517,0.001827634321865914,0.0023374403927629733,0.03439507988012093,Sitting,Sitting
66,0.001588777018765815,0.9367179890070321,0.002037083237986983,0.003546544331172278,0.0028749668938202865,0.05323463951122248,Sitting,Sitting
67,0.0017200057526524106,0.9744802439436574,0.0016215025150037833,0.0014767343470376633,0.002863772949524252,0.017837740492124513,Sitting,Sitting
68,0.001599170784137451,0.9084357276569723,0.0007990940816510401,0.0037839383009100652,0.001896172194000426,0.08348589698232856,Sitting,Sitting
69,0.0017064969285736696,0.9737411485467948,0.0007098993532744846,0.0008862507174340592,0.002747326298537679,0.020208878155385194,Sitting,Sitting
70,0.0015417116261508667,0.8926386041904185,0.0013617614333318723,0.003322947872871945,0.0013211157865339776,0.09981385909069286,Sitting,Sitting
71,0.0018695633288387753,0.9783858106057418,0.0005159989241487418,0.0009342503843426628,0.0013439096475362864,0.01695046710939136,Sitting,Sitting
72,0.017532048246427887,0.1138054342903667,0.033009416395936866,0.12405522897361917,0.06861117169788457,0.6429867003957649,Wheeling,Sitting
73,0.0019457462864576893,0.9917454081711536,0.000529465075380431,0.00022997152074528358,0.0030744784467224024,0.0024749304995408065,Sitting,Sitting
74,0.0003484923439890429,0.9788771775253112,0.0005433555120158315,0.0005544339937187815,0.0025030421397064517,0.017173498485258436,Sitting,Sitting
75,0.0003484923439890429,0.9788771775253112,0.0005433555120158315,0.0005544339937187815,0.0025030421397064517,0.017173498485258436,Sitting,Sitting
76,0.0020069796677696086,0.00867200125564805,0.05208512941416885,0.011135696810959887,0.9171233283715731,0.008976864479880548,Walking,Sitting
77,0.00259184845591275,0.018133696756630763,0.13781767676350737,0.7968934815642829,0.03606647604230945,0.008496820417356516,Standing,Standing
78,0.0024833487240989013,0.034003250499256975,0.07925827395598546,0.841156459146284,0.03309828320667612,0.010000384467698416,Standing,Standing
79,0.0029011764022808,0.03593555988091541,0.05968249115417742,0.8830418221584979,0.009489006397903087,0.008949944006225173,Standing,Standing
80,0.0030196771363444107,0.07190455605129009,0.06390840354537544,0.8230731574517233,0.02261154291238778,0.015482662902878733,Standing,Standing
81,0.002684837995772526,0.04515270923529819,0.031298903376291015,0.8941779327405827,0.007779747249313565,0.018905869402741977,Standing,Standing
82,0.00215445485303901,0.05125078627011605,0.06428220607401176,0.803074554754072,0.0632494277635922,0.015988570285168625,Standing,Standing
83,0.002665384089189939,0.0848341377453204,0.0670874012071964,0.801614912581389,0.031499344436925064,0.012298819939979166,Standing,Standing
84,0.0026294244199496653,0.024252781166213475,0.06946716424567001,0.8423412341436818,0.055184032827783315,0.00612536319670203,Standing,Standing
85,0.007226858459077986,0.42724314560429816,0.049465569217739216,0.14348559692920398,0.0021675314170755285,0.37041129837260517,Wheeling,Standing
86,0.002373072090127546,0.10754134558878543,0.03103450432137371,0.8045174408869662,0.03404406501712697,0.020489572095620183,Standing,Standing
87,0.002538916222729924,0.07553792371846893,0.04513015198582671,0.8211080705776326,0.034887897624238134,0.020797039871103762,Standing,Standing
88,0.0025250131666314287,0.10580561174300118,0.043914168236806,0.7742046402081358,0.045889192519082675,0.027661374126342817,Standing,Standing
89,0.003084979142001985,0.12360660035078187,0.08972506352119504,0.7199064143824796,0.03969427118877165,0.023982671414769702,Standing,Standing
90,0.0023794387067457823,0.11978887646482603,0.047371249377328076,0.7640134062280882,0.04436274075124016,0.022084288471771355,Standing,Standing
91,0.0045806544929329895,0.07713850044163421,0.09213580013877434,0.7620325256961127,0.015402981388025134,0.04870953784252054,Standing,Standing
92,0.0027986856145951686,0.07520885962959234,0.0774045582445589,0.7677962885536385,0.05178204084160325,0.02500956711601197,Standing,Standing
93,0.0038142418169427204,0.26307519394789414,0.10301035871405013,0.5442797003438324,0.03330254015050514,0.052517965026774825,Standing,Standing
94,0.0036062124214141203,0.16731379019457243,0.07153241646088253,0.633498709991642,0.07915875279874095,0.04489011813274792,Standing,Standing
95,0.0025161698673056353,0.08055092976190878,0.05760685191630922,0.7653070067634192,0.07499851732925625,0.019020524361800937,Standing,Standing
96,0.004003900705064043,0.16923338298941715,0.08130363447228486,0.6563858812690908,0.064284989430945,0.024788211133198002,Standing,Standing
97,0.005504907475451664,0.22577489893848943,0.08850409696605882,0.5820287383828863,0.06066945558046629,0.0375179026566475,Standing,Standing
98,0.0036276045890509703,0.08813913628548792,0.057937996472843235,0.8061161438851296,0.019231884809586906,0.02494723395790154,Standing,Standing
99,0.0034951132176616975,0.09210239163190764,0.05287207901648123,0.7457027448734657,0.054602739837517046,0.05122493142296674,Standing,Standing
100,0.002806761175217612,0.10863244624441046,0.14314926773238754,0.65851567268187,0.05052591723289584,0.03636993493321874,Standing,Standing
101,0.004248516903844668,0.22522048703042932,0.1304393823832137,0.5588233233317562,0.03250430299843719,0.04876398735231886,Standing,Standing
102,0.0020625796673816787,0.2579911850083574,0.0012688235336631123,0.004326765050524058,0.0020794316755207124,0.7322712150645531,Wheeling,Wheeling
103,0.001787610781382177,0.44708114999925047,0.026147258786589925,0.009924120924653598,0.4052850748905011,0.10977478461762274,Sitting,Wheeling
104,0.0032708182937853255,0.32694785174166063,0.01805433547506538,0.0059259849668796775,0.36468533337723047,0.2811156761453784,Sitting,Wheeling
105,0.001999730165911924,0.13340145844376589,0.0038296244435299612,0.005981231172496982,0.008326761658657932,0.8464611941156372,Wheeling,Wheeling
106,0.0024542798658771943,0.31730748486055244,0.002341144754623584,0.006065202674648517,0.004860190217636177,0.666971697626662,Wheeling,Wheeling
107,0.0022523108413493287,0.2211299213731408,0.003699368956955998,0.006523657596288668,0.0055685279428373475,0.7608262132894279,Wheeling,Wheeling
108,0.003837781464643028,0.052289843549813406,0.005218803212305101,0.01015203529902098,0.021485702029872374,0.9070158344443451,Wheeling,Wheeling
109,0.002526104894446803,0.059066641507274795,0.002921766799577671,0.00589203902251806,0.009952049416808892,0.9196413983593736,Wheeling,Wheeling
110,0.0025468389132554128,0.04573111419424447,0.0038663142681743166,0.005758125483178663,0.008343530250296454,0.933754076890851,Wheeling,Wheeling
111,0.002418259848808609,0.06970404772212854,0.0016815202078441073,0.004143660066828687,0.0016152845375751203,0.920437227616815,Wheeling,Wheeling
112,0.00346270763326263,0.039449021136975175,0.001579083870513152,0.002241900898475059,0.0012806179209030092,0.9519866685398712,Wheeling,Wheeling
113,0.003389369237070157,0.03888001884861309,0.0027326040556834175,0.0029805608077265525,0.0013227164164110567,0.9506947306344957,Wheeling,Wheeling
114,0.0033607463341143854,0.03818310732897706,0.005144573411027194,0.003249672148721458,0.002183066211913614,0.9478788345652464,Wheeling,Wheeling
115,0.0031086835547453496,0.17793232083264127,0.0025056298189097123,0.005126713867851807,0.0017244314329284722,0.8096022204929234,Wheeling,Wheeling
116,0.004278902910744991,0.16732137321258464,0.0019843770108718775,0.0037577578176633433,0.0019602196027248514,0.82069736944541,Wheeling,Wheeling
117,0.003332788089639489,0.03335589025898284,0.0018345737498779617,0.0028555161681950666,0.001492550794501359,0.9571286809388032,Wheeling,Wheeling
118,0.003096859126748691,0.13078357056357068,0.0019132571999962717,0.003750368340671198,0.0012708646255108582,0.8591850801435021,Wheeling,Wheeling
119,0.0030769021034862923,0.17956198028363657,0.0017647563851972158,0.003832880359340349,0.0013188951545556173,0.810444585713784,Wheeling,Wheeling
120,0.003488365981961792,0.04397295883611091,0.0016701962094332293,0.002436812823232229,0.0010641417114044403,0.9473675244378572,Wheeling,Wheeling
121,0.003607408106784576,0.031524312854330855,0.0019482985037028173,0.0023289410079361285,0.0028670475175259147,0.9577239920097196,Wheeling,Wheeling
122,0.0037406717914550574,0.02310367334379343,0.002129798385045851,0.0018126563986473351,0.0010530676688042808,0.9681601324122541,Wheeling,Wheeling
123,0.0045602282171998045,0.29094145390907555,0.0027678885948482133,0.0019726861357032815,0.0005505825250435418,0.6992071606181297,Wheeling,Wheeling
124,0.004578233340893976,0.03927265051662737,0.002372895452886896,0.0025367063721665833,0.0029500736933332013,0.9482894406240922,Wheeling,Wheeling
125,0.004070441789481165,0.0110173610062754,0.002666294574429119,0.0023175885018562165,0.0015309046003251692,0.9783974095276332,Wheeling,Wheeling
126,0.0036288216818152956,0.021785587007478156,0.0013838926096101758,0.002175917541815189,0.0013515848449329837,0.9696741963143484,Wheeling,Wheeling
127,0.0026978361123872908,0.01862327061616394,0.0029124433769532553,0.0030196584477110984,0.0007423394746079991,0.9720044519721762,Wheeling,Wheeling
128,0.0025048600235138474,0.03464525099782557,0.003049419367632779,0.0027790599873314657,0.00013026648391778977,0.9568911431397781,Wheeling,Wheeling
129,0.0031784210938357806,0.1661934477070629,0.0010685799948001063,0.003898554392670223,0.0009822488735941259,0.8246787479380367,Wheeling,Wheeling
130,0.0034277785754857947,0.19483116676241743,0.0017515750926703929,0.004425904294329161,0.0005722131423076303,0.7949913621327898,Wheeling,Wheeling
131,0.004713214691099027,0.6222437292310147,0.0017057028327174036,0.002550761863074033,0.0012684161448674337,0.36751817523722785,Sitting,Wheeling
132,0.003147830882545179,0.46083902607552996,0.001277552674473146,0.0019744115246663686,0.0011436642044987933,0.5316175146382867,Wheeling,Wheeling
133,0.002212891999613053,0.08309297657728099,0.0013692743452819241,0.003974619970089934,0.0012278663097377992,0.9081223707979962,Wheeling,Wheeling
134,0.0021544412540144037,0.018132805217486062,0.44083208052294953,0.09990310390355811,0.4238024805039675,0.01517508859802497,Walking,Walking
135,0.0019392737522723558,0.01728922155704436,0.2906837616764533,0.1748098785071665,0.5053271662788992,0.009950698228164759,Walking,Walking
136,0.0011797827815743086,0.0004768930310103678,0.2555621125347877,0.007074523866282569,0.7353338137775501,0.0003728740087946066,Walking,Walking
137,0.0015877520978281915,0.004617682268608704,0.22604142219977066,0.01310164769915883,0.7490127207715984,0.005638774963035137,Walking,Walking
138,0.0020314830838863425,0.028778645963229033,0.14897952075129556,0.0881136950458137,0.7097099494739351,0.022386705681840414,Walking,Walking
139,0.002066364629412436,0.026730787376305458,0.13621674183394886,0.07544101601505394,0.7411837856249083,0.01836130452037083,Walking,Walking
140,0.0019577753243780333,0.030238448701652283,0.1370240048166518,0.0676855288808715,0.74125147767969,0.021842764596756225,Walking,Walking
141,0.0017167261280167019,0.01635641441150674,0.08919188271655423,0.023051350106235356,0.8517933067200044,0.017890319917682935,Walking,Walking
142,0.002537514482028338,0.033688113712458105,0.19182262309693163,0.10974117443745403,0.6428799009549065,0.019330673316221236,Walking,Walking
143,0.0019585996094888688,0.030798936268737212,0.09464464197103128,0.04667176341023821,0.7999053883999381,0.026020670340566036,Walking,Walking
144,0.001836481554074425,0.016288856395580826,0.1315780907990455,0.05254498005094996,0.7875044623611417,0.01024712883920772,Walking,Walking
145,0.001434518344209515,0.006105194987689733,0.13097951097293165,0.02283169656007803,0.8342956958482342,0.004353383286857143,Walking,Walking
146,0.001630713353536424,0.018188765871585754,0.116173668361921,0.034249678356305595,0.8167558194788296,0.0130013545778219,Walking,Walking
147,0.0014205844506907058,0.003105172020823778,0.14990595570482476,0.009786389880593582,0.833096178054697,0.0026857198883702424,Walking,Walking
148,0.0023373831795437967,0.03421370285592727,0.08971557191180574,0.051657847116996274,0.802862931160347,0.019212563775380016,Walking,Walking
149,0.001728476059469489,0.010465701806324704,0.04854061836622835,0.007573258330109026,0.9136907456534649,0.018001199784404103,Walking,Walking
150,0.0018579417978698985,0.018096869431541183,0.09230846296917518,0.03857848165170393,0.8363116940939168,0.012846550055792882,Walking,Walking
151,0.0030342421606414194,0.0010374763444697989,0.981226881222529,0.0027699936109034616,0.011335626613068117,0.0005957800483881785,StairClimbing,Walking
152,0.0016004347170020534,0.005516073284695771,0.2122818717827652,0.053769902331249626,0.7242346987380873,0.002597019146200008,Walking,Walking
153,0.0013507770493311104,0.007560800878103395,0.11999321083658505,0.031187486533838005,0.8358734401153722,0.004034284586770215,Walking,Walking
154,0.0015751921493417538,0.006511541277999259,0.27025773625605476,0.026640551388896164,0.691262599553764,0.00375237937394384,Walking,Walking
155,0.0016498209980696625,0.00638133911932183,0.1452615692484233,0.014580012926973644,0.8280530296539923,0.004074228053219162,Walking,Walking
156,0.0012418469409825918,0.001981574615626575,0.11027831018478279,0.01004490837776121,0.8756106063750394,0.0008427535058074,Walking,Walking
157,0.0015188327502453495,0.005904496212799147,0.1878442086736451,0.017701171923229606,0.7840029712127919,0.0030283192272887584,Walking,Walking
158,0.0010796282887975254,0.002042247584733206,0.16581502796020997,0.01943256934669742,0.8109968375280536,0.00063368929150852,Walking,Walking
159,0.0015100870309370548,0.002793039731011722,0.1819766128890266,0.03986983938634542,0.7725298749709788,0.0013205459917006491,Walking,Walking
160,0.0016964040079996447,0.013571699032423647,0.10804494168055359,0.02859393735610433,0.839861812437207,0.008231205485712066,Walking,Walking
161,0.0014772756792044307,0.008234305536193285,0.09808743779270869,0.03341685935492839,0.8550425816289741,0.0037415400079913283,Walking,Walking
162,0.0015757481935330608,0.014774848899225637,0.08754996682069119,0.03362788883599168,0.8550809487722858,0.007390598478272374,Walking,Walking
163,0.0015250580255870329,0.005554644017000864,0.2145494643020388,0.0584286710633201,0.7176423683158483,0.0022997942762048858,Walking,Walking
164,0.0014047054796200225,0.001299328476347172,0.21239136277304793,0.01066509333770532,0.7736359406869167,0.0006035692463625629,Walking,Walking
165,0.0015536472343735382,0.0003528472255422095,0.042992780942537064,0.0005976366487565097,0.9543680746862282,0.00013501326256218309,Walking,Walking
166,0.000950096513445669,0.9134056776224004,0.0036792488477348866,0.007752448049444676,0.018008157039506246,0.05620437192746824,Sitting,Sitting
167,0.002346999258427965,0.7891020640545664,0.020552071094011935,0.08616572095433161,0.055913002491520314,0.04592014214714169,Sitting,Sitting
168,0.0018938946642560507,0.7028907605069797,0.02395910606146815,0.21219612612872604,0.022339903568704602,0.03672020906986532,Sitting,Sitting
169,0.001330828680409874,0.7168594579142581,0.015962609104355575,0.2176721861543815,0.020891849149426083,0.027283068997168716,Sitting,Sitting
170,0.002251335799926539,0.6562182547546721,0.016329942018925146,0.25063964864850563,0.029292672015579165,0.04526814676239158,Sitting,Sitting
171,0.00046009383394006285,0.9416314206846474,0.012835822326720113,0.02776243526182202,0.005363710572460733,0.011946517320409498,Sitting,Sitting
172,0.0003223396905509785,0.8725261240515332,0.007011172243976923,0.044130246717787584,0.0058540226547280525,0.0701560946414233,Sitting,Sitting
173,0.000617239729129578,0.9128799408081916,0.010447056348323321,0.039085426432146526,0.015439545446538116,0.021530791235670768,Sitting,Sitting
174,0.0007695573174169529,0.9303829343879618,0.010080957520593797,0.03763920472325913,0.0056933760886386095,0.015433969962129477,Sitting,Sitting
175,0.0009240122499878248,0.9180607141358781,0.006814729852593017,0.04877733821451659,0.008766949935016847,0.016656255612007766,Sitting,Sitting
176,0.0006285721811926323,0.9464263881903119,0.010573066415083762,0.02640635306494375,0.006302849845772965,0.00966277030269485,Sitting,Sitting
177,0.0013577487562756111,0.9658124000000786,0.005937779720485689,0.0173572086377468,0.0023298046227096464,0.007205058262703748,Sitting,Sitting
178,0.0003726524545848598,0.947894895554547,0.0015979994496610015,0.010659842616465026,0.007657136426735301,0.031817473498006746,Sitting,Sitting
179,0.0003726524545848598,0.947894895554547,0.0015979994496610015,0.010659842616465026,0.007657136426735301,0.031817473498006746,Sitting,Sitting
180,0.0003726524545848598,0.947894895554547,0.0015979994496610015,0.010659842616465026,0.007657136426735301,0.031817473498006746,Sitting,Sitting
181,0.0003726524545848598,0.947894895554547,0.0015979994496610015,0.010659842616465026,0.007657136426735301,0.031817473498006746,Sitting,Sitting
182,0.0003726524545848598,0.947894895554547,0.0015979994496610015,0.010659842616465026,0.007657136426735301,0.031817473498006746,Sitting,Sitting
183,0.0003726524545848598,0.947894895554547,0.0015979994496610015,0.010659842616465026,0.007657136426735301,0.031817473498006746,Sitting,Sitting
184,0.0003726524545848598,0.947894895554547,0.0015979994496610015,0.010659842616465026,0.007657136426735301,0.031817473498006746,Sitting,Sitting
185,0.00027800496816590193,0.9618571591466873,0.0013493586181096068,0.011005033287889519,0.007234576708730241,0.018275867270417398,Sitting,Sitting
186,0.00027800496816590193,0.9618571591466873,0.0013493586181096068,0.011005033287889519,0.007234576708730241,0.018275867270417398,Sitting,Sitting
187,0.0005707350320801026,0.8359204301282862,0.010680836849411006,0.10345875918360439,0.010439685434782998,0.0389295533718352,Sitting,Sitting
188,0.0003177124140201592,0.9512589667761896,0.004609874683288485,0.014728739686077703,0.01461041216443999,0.014474294275984241,Sitting,Sitting
189,0.0003655651087613052,0.932536525237104,0.005860253892589319,0.02845211778147546,0.012885884464532956,0.019899653515536988,Sitting,Sitting
190,0.0005596161438389399,0.9313967487576142,0.008331429503811612,0.04508885356796824,0.003393794462741265,0.01122955756402577,Sitting,Sitting
191,0.0007939907568823837,0.9314871909558514,0.008978637263702625,0.04165483914326618,0.006681404784862349,0.010403937095434966,Sitting,Sitting
192,0.0002334089150723489,0.9444263477633734,0.003594987118118559,0.013940057970242854,0.009359876113313998,0.028445322119878623,Sitting,Sitting
193,0.00019805073909973453,0.9806235511039053,0.0017037758837786352,0.00362798914547509,0.00295597181489661,0.01089066131284454,Sitting,Sitting
194,0.0004685135327818773,0.9705331265546933,0.003981967187221236,0.008113454550036014,0.010158023388431116,0.006744914786836695,Sitting,Sitting
195,0.0007113436074091959,0.8930035404089226,0.007734125578035189,0.06719511787751707,0.019273111532279952,0.012082760995836174,Sitting,Sitting
196,0.0003299660152326432,0.9293436223812566,0.0067921267917907015,0.034112848385145854,0.010729829329539486,0.018691607097034754,Sitting,Sitting
197,0.00025499294259678253,0.9693620307486334,0.0024735971617362803,0.00557910442070225,0.006370678009274185,0.015959596717056834,Sitting,Sitting
198,0.0004880070141930082,0.8929391044646915,0.01352019405246689,0.052202899533898686,0.014655256148103335,0.02619453878664663,Sitting,Sitting
199,0.0005257035606279308,0.9400458799783391,0.0062912385459690775,0.03243102856934475,0.010325394060518833,0.010380755285200088,Sitting,Sitting
200,0.013073683385589358,0.20209224266887402,0.07729450890069924,0.1519483173464862,0.499034196988316,0.05655705071003521,Walking,Wheeling
201,0.0006343878616324911,0.8778059773644195,0.00402609283497737,0.0036390549353963906,0.011326961354412987,0.10256752564916123,Sitting,Wheeling
202,0.0010894229773302589,0.5615118622416201,0.005964175455143341,0.02495866171591406,0.004498246246637569,0.4019776313633544,Wheeling,Wheeling
203,0.0011906050908043477,0.19732327947865588,0.006872779448860067,0.014819711416516567,0.014427485600514553,0.7653661389646489,Wheeling,Wheeling
204,0.001385660430370563,0.4058799947307671,0.003405355028440362,0.006979461638519022,0.010162106630561102,0.5721874215413417,Wheeling,Wheeling
205,0.0012546474238085779,0.1353927913353646,0.003923360556315728,0.004272265723444012,0.00830149768330066,0.8468554372777664,Wheeling,Wheeling
206,0.0010656919647623719,0.2014040946299973,0.003628903362688611,0.0090208398765748,0.00752682430259659,0.7773536458633803,Wheeling,Wheeling
207,0.0013248131540391616,0.4495312122669843,0.003861465322138247,0.006640756032939598,0.0032199755867544626,0.5354217776371445,Wheeling,Wheeling
208,0.0014608333577597753,0.30833919853037417,0.0034456038298639863,0.0041052855881367955,0.004213253199279432,0.678435825494586,Wheeling,Wheeling
209,0.0008642741565973386,0.04680121722597834,0.005757782714203537,0.005646734397885997,0.002422794571447752,0.9385071969338867,Wheeling,Wheeling
210,0.0011335278823893877,0.21068034006372707,0.0025826431162203323,0.00433993187657817,0.005037976552426388,0.7762255805086591,Wheeling,Wheeling
211,0.0012139247699423789,0.13201342112871434,0.0034168966978691167,0.005510585739106796,0.008946170839011227,0.8488990008253563,Wheeling,Wheeling
212,0.0012150919660175242,0.08162690952260318,0.00443181930771562,0.00587460196593174,0.009642019283873126,0.8972095579538586,Wheeling,Wheeling
213,0.0011894973343059365,0.10205013509776929,0.003712419942540713,0.004599632910926798,0.00925397599505656,0.8791943387194006,Wheeling,Wheeling
214,0.00127209622510694,0.09623224646884622,0.004689762488692457,0.004549662616959071,0.008981521512662993,0.8842747106877323,Wheeling,Wheeling
215,0.0012430603654914455,0.12153182255061826,0.002953788367834659,0.00405462113815405,0.006801242879094879,0.8634154646988066,Wheeling,Wheeling
216,0.001174261459647727,0.23834318269828914,0.003314078482570722,0.005661257243032634,0.006251194188389384,0.7452560259280704,Wheeling,Wheeling
217,0.0019409085517912263,0.11982429152917753,0.0032032531748156924,0.0059201357516772985,0.004381963067985042,0.8647294479245532,Wheeling,Wheeling
218,0.001141086550780924,0.2538607211337197,0.002319718906231811,0.004921076983842793,0.0046475324871397584,0.7331098639382851,Wheeling,Wheeling
219,0.0013280889550715874,0.4352784634068832,0.0028451114377551954,0.006041199172583893,0.006614014773308389,0.5478931222543978,Wheeling,Wheeling
220,0.0015853373383753417,0.25342546176072,0.001963888156996326,0.004243440462612617,0.005204761519525371,0.7335771107617701,Wheeling,Wheeling
221,0.0010873685278999796,0.19203958899596177,0.00450620130447603,0.010379641384604146,0.009069600095707531,0.7829175996913508,Wheeling,Wheeling
222,0.0010442889526481739,0.18715084744664967,0.0023043602080117,0.006151398399258052,0.003141272336308188,0.8002078326571244,Wheeling,Wheeling
223,0.0011459835405260334,0.0555143894949186,0.003578758236595942,0.0054401568580350335,0.005755511896094826,0.9285651999738297,Wheeling,Wheeling
224,0.0016727944486317097,0.1222684949250544,0.0036358048300637108,0.004790495436233952,0.0080115846048109,0.8596208257552056,Wheeling,Wheeling
225,0.0013006562213211234,0.01933824313654122,0.002110847997473404,0.003003650019229063,0.0035318642540185475,0.9707147383714165,Wheeling,Wheeling
226,0.0013665605036909272,0.05237359603594395,0.002318550042746386,0.00297772569556599,0.0022059890026828346,0.93875757871937,Wheeling,Wheeling
227,0.0018465691282368206,0.3412107107055253,0.002812695866123815,0.005731443849266111,0.0028693220571623956,0.6455292583936857,Wheeling,Wheeling
228,0.0010662767114278757,0.11292532660007089,0.002649372505339579,0.0060387698219691605,0.0027998361446494543,0.874520418216543,Wheeling,Wheeling
229,0.0015293118141593528,0.37871310588659507,0.0030439467487024916,0.0054276989565337766,0.003063495352074743,0.6082224412419348,Wheeling,Wheeling
230,0.0010638451225749143,0.16552077299486495,0.001726414873216067,0.005369918616944775,0.0026907876488670704,0.823628260743532,Wheeling,Wheeling
231,0.002294149477389642,0.5022807961286798,0.001525050674239093,0.0040567268711546615,0.0031098496192306303,0.4867334272293065,Wheeling,Wheeling
232,0.0012716505608552826,0.5624215445586085,0.0014254038537084063,0.004495137800530203,0.0018449613594605334,0.4285413018668369,Sitting,Wheeling
233,0.0013822566919947314,0.19197793677127262,0.0013052608648296935,0.004691790128593243,0.0028153466501297264,0.79782740889318,Wheeling,Wheeling
234,0.0011567111540695262,0.18528999796317513,0.001379951838482446,0.005065545963708163,0.0026446370524797163,0.8044631560280852,Wheeling,Wheeling
235,0.0016226303928153472,0.021198114469501986,0.007865182720248045,0.005003794874188843,0.00875537654598414,0.9555549009972618,Wheeling,Wheeling
236,0.0010534079608774099,0.10629786865982009,0.0020870773689023766,0.00406122581353653,0.002618683340602635,0.883881736856261,Wheeling,Wheeling
237,0.0009058247977478775,0.0924994271922517,0.001667903933482548,0.005113206969206182,0.002387105524414112,0.8974265315828978,Wheeling,Wheeling
238,0.0014062543819309734,0.5025710045089926,0.002027763306987633,0.0020869272902140808,0.0004827556226248708,0.49142529488924985,Wheeling,Wheeling
239,0.0016108967380509419,0.20954174539269302,0.0019348650902414654,0.0038503037759988613,0.003932028082658524,0.7791301609203571,Wheeling,Wheeling
240,0.9417108135948962,0.024872517045988154,0.005513816887967789,0.0027414851710128286,0.010359579388733648,0.01480178791140154,Lying,Lying
241,0.9804780819427508,0.0022018483074056263,0.002360362775983751,0.0035982819189175107,0.00243341859741162,0.008928006457530497,Lying,Lying
242,0.9869732337580814,0.002559597554789432,0.001915789753221107,0.002335343726127001,0.0010190650298467093,0.005196970177934346,Lying,Lying
243,0.9766793010434094,0.006006826382476432,0.0021397507040720356,0.0030786457851718495,0.002318170630431493,0.009777305454438806,Lying,Lying
244,0.9825884493992052,0.003487738680361236,0.0020873855479017983,0.002904783431565536,0.001796646405245826,0.007134996535720583,Lying,Lying
245,0.9807492488249119,0.003740820299765518,0.002060583586635179,0.003045359273610524,0.002211319717122346,0.008192668297954621,Lying,Lying
246,0.9822254112986796,0.0031425633921517856,0.0020340547991589556,0.0029887909740894556,0.0021819690514930084,0.007427210484427029,Lying,Lying
247,0.9688930827235934,0.011658850337019343,0.0023190112445241728,0.003336989112042817,0.0028939726677234072,0.010898093915097233,Lying,Lying
248,0.9688930827235934,0.011658850337019343,0.0023190112445241728,0.003336989112042817,0.0028939726677234072,0.010898093915097233,Lying,Lying
249,0.9688930827235934,0.011658850337019343,0.0023190112445241728,0.003336989112042817,0.0028939726677234072,0.010898093915097233,Lying,Lying
250,0.9688930827235934,0.011658850337019343,0.0023190112445241728,0.003336989112042817,0.0028939726677234072,0.010898093915097233,Lying,Lying
251,0.9688930827235934,0.011658850337019343,0.0023190112445241728,0.003336989112042817,0.0028939726677234072,0.010898093915097233,Lying,Lying
252,0.9688930827235934,0.011658850337019343,0.0023190112445241728,0.003336989112042817,0.0028939726677234072,0.010898093915097233,Lying,Lying
253,0.9688930827235934,0.011658850337019343,0.0023190112445241728,0.003336989112042817,0.0028939726677234072,0.010898093915097233,Lying,Lying
254,0.9688930827235934,0.011658850337019343,0.0023190112445241728,0.003336989112042817,0.0028939726677234072,0.010898093915097233,Lying,Lying
255,0.9688930827235934,0.011658850337019343,0.0023190112445241728,0.003336989112042817,0.0028939726677234072,0.010898093915097233,Lying,Lying
256,0.9688930827235934,0.011658850337019343,0.0023190112445241728,0.003336989112042817,0.0028939726677234072,0.010898093915097233,Lying,Lying
257,0.9688930827235934,0.011658850337019343,0.0023190112445241728,0.003336989112042817,0.0028939726677234072,0.010898093915097233,Lying,Lying
258,0.9688930827235934,0.011658850337019343,0.0023190112445241728,0.003336989112042817,0.0028939726677234072,0.010898093915097233,Lying,Lying
259,0.9721685413876662,0.011300977333660695,0.001877744151352325,0.0026985281396278344,0.0022430514578841315,0.009711157529808787,Lying,Lying
260,0.9721685413876662,0.011300977333660695,0.001877744151352325,0.0026985281396278344,0.0022430514578841315,0.009711157529808787,Lying,Lying
261,0.0021025808246937757,0.0008424459947921709,0.6251578423601039,0.010641312063398266,0.36013674364177833,0.001119075115233818,StairClimbing,Standing
262,0.0022906013789431427,0.01367325230633291,0.07857795193015499,0.8768565519951141,0.02498254273078912,0.0036190996586657636,Standing,Standing
263,0.0020379089342187164,0.019593659123065744,0.14377858716687628,0.7903760726608058,0.0394482430495125,0.004765529065520746,Standing,Standing
264,0.0023582422139393666,0.04428474934702699,0.055925119646040994,0.8301810238115093,0.05698546075982005,0.010265404221663417,Standing,Standing
265,0.0028366089938811154,0.07816566085882411,0.04548520706709313,0.8396882651961307,0.022115314788568225,0.01170894309550272,Standing,Standing
266,0.002501146022165117,0.050229513848429615,0.07477334738603827,0.8472623694203061,0.017095276442935677,0.008138346880125137,Standing,Standing
267,0.0027706904570088792,0.06499193435333175,0.06207354906465341,0.8338950261914047,0.022622652892651512,0.013646147040949718,Standing,Standing
268,0.002510758364317339,0.01744293503422589,0.04638409811956331,0.8069176161605536,0.11484587626883072,0.011898716052509388,Standing,Standing
269,0.002950220015803979,0.05217303999712771,0.0429491495704506,0.7726423649992634,0.10466201727625847,0.02462320814109563,Standing,Standing
270,0.0023814859334010696,0.07904316056579287,0.05186495146281752,0.7741070415572762,0.07504982370998382,0.0175535367707286,Standing,Standing
271,0.002394951201034879,0.0445193303679268,0.06383655182476769,0.8646613388013697,0.017998782626108514,0.006589045178792229,Standing,Standing
272,0.00243613983476277,0.028376981801634494,0.019210439293353507,0.9224554975323814,0.015663277267274116,0.011857664270593595,Standing,Standing
273,0.002338085712179758,0.03754981703274829,0.05328906601414878,0.878455842737218,0.0227513461156584,0.0056158423880470765,Standing,Standing
274,0.0022145341755692993,0.01722583011888899,0.029715480706589005,0.9294700037896252,0.015996068976040834,0.005378082233286697,Standing,Standing
275,0.002219886686853892,0.02051874479686054,0.01646387374947811,0.9509363987427568,0.006094166652266748,0.0037669293717838333,Standing,Standing
276,0.0027646971037764805,0.04276502823842151,0.06794864573897415,0.8159347734618969,0.06537690574010828,0.0052099497168229736,Standing,Standing
277,0.0016442167220558493,0.003592542472544839,0.05633704372370131,0.005371361170266566,0.9234103380310711,0.009644497880360259,Walking,Walking
