,0,1,2,3,4,5,modelStates,target
0,0.9639553098977262,0.01094192096844891,0.004416063100320539,0.0020070593684002984,0.0036432985414476676,0.015036348123656335,Lying,Lying
1,0.9728816537710315,0.009595009841121596,0.0026170723229232626,0.00340956075127807,0.0033883423554704724,0.008108360958174831,Lying,Lying
2,0.9945766845452829,0.00011640860215714132,0.004395074129387401,9.169164827685443e-05,0.00046838383930330264,0.00035175723559222294,Lying,Lying
3,0.9755408321371832,0.010685601175767999,0.0023338165161071313,0.003914946914711469,0.002190861780287715,0.005333941475942347,Lying,Lying
4,0.9724752878587268,0.012128927473768179,0.002853312689955083,0.004018409195553569,0.0023056413204855654,0.006218421461510868,Lying,Lying
5,0.9650885579977744,0.015567550906932605,0.003803179626844734,0.0050735653275801856,0.0024631535980902787,0.008003992542777796,Lying,Lying
6,0.9715611958059414,0.012426467512100137,0.0028407341090555165,0.004291495357792791,0.002408125144029173,0.006471982071080849,Lying,Lying
7,0.9240854912751983,0.021634097438154032,0.008109704041624614,0.0076687619332409165,0.013129289739026646,0.025372655572755597,Lying,Lying
8,0.975681206306217,0.011734637822056233,0.001733113833911113,0.004013315803757182,0.0021129548704857132,0.004724771363573004,Lying,Lying
9,0.97676587429546,0.01039800039052443,0.002203219701933959,0.004003322376583599,0.0019350326365349833,0.004694550598963162,Lying,Lying
10,0.9779349056645796,0.010038345320593497,0.0017733639724797367,0.0038980186584888915,0.002112627376394619,0.0042427390074637914,Lying,Lying
11,0.9757244728950777,0.009483893723480895,0.002217862744897718,0.004063016167508775,0.003267616234055918,0.005243138234978721,Lying,Lying
12,0.9724670447509447,0.01032784439564053,0.0023245697806901595,0.004366617253465138,0.003972475692507547,0.006541448126751741,Lying,Lying
13,0.9779494039696285,0.008775699333418902,0.002320241428942679,0.0037450448952818204,0.00256903062838455,0.004640579744343336,Lying,Lying
14,0.9790907501448348,0.00782171265775423,0.0026995054976988457,0.004046910830706587,0.0024016646367349967,0.003939456232270312,Lying,Lying
15,0.9758167006106226,0.010551407553230733,0.0019797055635388527,0.004376493782821572,0.002288613819649171,0.004987078670137253,Lying,Lying
16,0.9735665930365686,0.012402916716439798,0.0020600832723815703,0.004290798850159576,0.002192644594762552,0.005486963529687643,Lying,Lying
17,0.9788237196826277,0.009566800909354483,0.0017040920441871677,0.0037317170899758083,0.002134519215115423,0.0040391510587394356,Lying,Lying
18,0.9787675672643457,0.009976874510097352,0.0015849292494606697,0.0037202207570316377,0.0019531840085761825,0.003997224210488551,Lying,Lying
19,0.9755311329726392,0.011692295599889192,0.0020469639943259178,0.003951984627089315,0.0017370043920091676,0.00504061841404718,Lying,Lying
20,0.9762350180321301,0.010162361808480893,0.0023042259857876256,0.004053065409160011,0.0024255094001137596,0.004819819364327502,Lying,Lying
21,0.9471156264602429,0.010483395334440584,0.008063111997527668,0.0043748796052474085,0.0024828365738617736,0.027480150028679824,Lying,Lying
22,0.9818496443930653,0.0067479617549095405,0.0025045445293255643,0.0027530680712438698,0.0020808599962601204,0.004063921255195739,Lying,Lying
23,0.9310159615607687,0.01957218603694667,0.005126791000301672,0.0027760915039255016,0.005166103797200976,0.03634286610085623,Lying,Lying
24,0.0036020591417007387,0.376085218819954,0.01103835484286465,0.18992311083048358,0.014909425951968387,0.4044418304130287,Sitting,Sitting
25,0.008817654715866067,0.48285819121312423,0.018019378011866854,0.26258797199130884,0.03459015661675143,0.19312664745108266,Sitting,Sitting
26,0.0019061655620756007,0.2559507792268003,0.005196217318358012,0.06274943395784247,0.014984120773576583,0.659213283161347,Wheeling,Sitting
27,0.002326954934818797,0.39269829459777056,0.011627882522916385,0.16204782436853765,0.0191316258732951,0.41216741770266185,Wheeling,Sitting
28,0.001827913709115734,0.491278132666406,0.010287033918349755,0.13521808054665968,0.015714605816295326,0.34567423334317393,Sitting,Sitting
29,0.0037099127443126446,0.340418063753104,0.009076671896909467,0.210524595765735,0.016863211665958694,0.4194075441739804,Sitting,Sitting
30,0.0013924745956923053,0.7269261452148095,0.012822928038491258,0.04245217440124465,0.009494050178142697,0.20691222757162,Sitting,Sitting
31,0.045606963329897214,0.5274517823537167,0.11189782045378024,0.1504283769368196,0.06701394846490599,0.09760110846088005,Sitting,Sitting
32,0.0012812690215302724,0.8114162227360626,0.011276224437685478,0.04298060076333511,0.008564353280545414,0.12448132976084095,Sitting,Sitting
33,0.0012812690215302724,0.8114162227360626,0.011276224437685478,0.04298060076333511,0.008564353280545414,0.12448132976084095,Sitting,Sitting
34,0.0012812690215302724,0.8114162227360626,0.011276224437685478,0.04298060076333511,0.008564353280545414,0.12448132976084095,Sitting,Sitting
35,0.0012812690215302724,0.8114162227360626,0.011276224437685478,0.04298060076333511,0.008564353280545414,0.12448132976084095,Sitting,Sitting
36,0.0015183925776108933,0.5343618464557466,0.009210117571893307,0.03709247425488548,0.011403827372589737,0.40641334176727395,Sitting,Sitting
37,0.0015335614198013147,0.3842778602158753,0.008339029046228389,0.05307961617363301,0.008144579371566986,0.544625353772895,Wheeling,Sitting
38,0.001950803697752879,0.684474842661044,0.02587261490199415,0.027915806774455564,0.007795086755256388,0.251990845209497,Sitting,Sitting
39,0.001845472398243083,0.2050688718854178,0.025779114428019317,0.02321185821063464,0.03618679331577143,0.7079078897619132,Wheeling,Sitting
40,0.0074491097398254056,0.11703825016520276,0.19665844782185507,0.08635961301397739,0.1553680134214121,0.43712656583772724,Wheeling,Standing
41,0.006649567679542192,0.057985574803971644,0.028910991360865803,0.6878378547051676,0.16851218331360743,0.05010382813684542,Standing,Standing
42,0.0034235487086413576,0.01925960083579254,0.015870786984603848,0.8934259644518289,0.038482762409270455,0.0295373366098628,Standing,Standing
43,0.0036025798249080996,0.014656118767933582,0.016374988711685502,0.9158261887211093,0.030214488547314143,0.019325635427049303,Standing,Standing
44,0.0029406364880432117,0.016655341710327558,0.008811800273847852,0.9296256894527068,0.023318185582041014,0.018648346493033117,Standing,Standing
45,0.0030635461392480197,0.025780334380899828,0.012117350186254256,0.9125773902775309,0.025022468928554135,0.021438910087513086,Standing,Standing
46,0.002709039512821757,0.013979363343221581,0.005707903695678702,0.9448528409323367,0.01749316834503106,0.015257684170910005,Standing,Standing
47,0.0018962158125897656,0.023434139133490715,0.021225963500620962,0.9361179657533774,0.004645771251424161,0.01267994454849706,Standing,Standing
48,0.0038729970343433103,0.027869685260054223,0.018960891228532457,0.8791089023708131,0.04125804718437278,0.028929476921884308,Standing,Standing
49,0.0038729970343433103,0.027869685260054223,0.018960891228532457,0.8791089023708131,0.04125804718437278,0.028929476921884308,Standing,Standing
50,0.0038729970343433103,0.027869685260054223,0.018960891228532457,0.8791089023708131,0.04125804718437278,0.028929476921884308,Standing,Standing
51,0.0038729970343433103,0.027869685260054223,0.018960891228532457,0.8791089023708131,0.04125804718437278,0.028929476921884308,Standing,Standing
52,0.0038729970343433103,0.027869685260054223,0.018960891228532457,0.8791089023708131,0.04125804718437278,0.028929476921884308,Standing,Standing
53,0.0038729970343433103,0.027869685260054223,0.018960891228532457,0.8791089023708131,0.04125804718437278,0.028929476921884308,Standing,Standing
54,0.0038729970343433103,0.027869685260054223,0.018960891228532457,0.8791089023708131,0.04125804718437278,0.028929476921884308,Standing,Standing
55,0.002709843198713891,0.06505882679659424,0.05117018550520891,0.8230262267934669,0.01609904653295471,0.04193587117306159,Standing,Standing
56,0.0028777353376237907,0.06848893101371883,0.010061897592345244,0.8792499292052579,0.018256511392991562,0.021064995458062685,Standing,Standing
57,0.0021047841804714925,0.019701053439148703,0.006711004519619248,0.930214289167688,0.020649906339060806,0.020618962354011828,Standing,Standing
58,0.0027529339871089483,0.03804770824874856,0.014415974379933147,0.880153727998674,0.016750442434086573,0.04787921295144891,Standing,Standing
59,0.0019713153137714563,0.042302529921249,0.008637993681230565,0.9184678733153525,0.011562409992956369,0.017057877775440548,Standing,Standing
60,0.002095140089243455,0.03551011382617321,0.00609925966432289,0.9262615488821763,0.012960022874618251,0.017073914663466312,Standing,Standing
61,0.003664497264438139,0.059437682718337756,0.14751579810015494,0.01745977309296561,0.7470987475296704,0.024823501294433312,Walking,Wheeling
62,0.014470030165857302,0.17953243324162738,0.14860921095279903,0.3707937529051139,0.18812870991933062,0.09846586281527205,Standing,Wheeling
63,0.018811815749516854,0.181125037984389,0.2770597402652305,0.04829632764566383,0.3381334932504846,0.13657358510471557,StairClimbing,Wheeling
64,0.0126488460471239,0.25487932781924505,0.22305042198400443,0.13973049164801463,0.17036672632308905,0.19932418617852266,StairClimbing,Wheeling
65,0.004049334355449484,0.05962120605540952,0.76024491254262,0.0034967927881345896,0.1630550531224907,0.009532701135895702,StairClimbing,Wheeling
66,0.0037472999501786705,0.026610024969578955,0.02143145720312735,0.002286016359298507,0.0421510847096965,0.9037741168081197,Wheeling,Wheeling
67,0.005552076589112812,0.18803103377482694,0.0017820934595670127,0.0010341294050747348,0.006142725311580116,0.7974579414598385,Wheeling,Wheeling
68,0.008072579471711345,0.041399584207192724,0.008188099434676872,0.0007403597949906955,0.018565212941105125,0.9230341641503232,Wheeling,Wheeling
69,0.011600161989620201,0.04963517170744041,0.045155474281500824,0.006754063780937753,0.13039726863345638,0.7564578596070446,Wheeling,Wheeling
70,0.005828312393543478,0.4106942001493411,0.0007329354192365839,0.0009017705437312722,0.0019513743538305348,0.5798914071403167,Wheeling,Wheeling
71,0.005081401417092001,0.47810158493697164,0.0006337651729834229,0.000655345368769962,0.0010959903657902295,0.5144319127383928,Wheeling,Wheeling
72,0.004585596628689026,0.42931218466620835,0.0004959264746159347,0.000554062777695818,0.0006750348419227788,0.5643771946108684,Wheeling,Wheeling
73,0.007419755062117246,0.26545903547141814,0.0007198583910431845,0.0010805893765624699,0.0016450118887395017,0.7236757498101195,Wheeling,Wheeling
74,0.007230559303078967,0.3234188025568699,0.0007701666425885249,0.0009118220776040293,0.0015558358163973661,0.6661128136034609,Wheeling,Wheeling
75,0.007649337004953429,0.24382494462927048,0.0007680582489092909,0.0010494035702826234,0.0012412450389298478,0.7454670115076543,Wheeling,Wheeling
76,0.0048083015015612665,0.31035876052935096,0.0005366570277253857,0.0006069902791856931,0.0008850158155876306,0.682804274846589,Wheeling,Wheeling
77,0.0032454536762710337,0.5655054810575728,0.0007523778571712574,0.0004989101216473946,0.0006603480780376004,0.42933742920929996,Sitting,Wheeling
78,0.0039012823251814497,0.5035358069667535,0.0005552617217075512,0.0004600100276890807,0.0006891079091192469,0.4908585310495491,Wheeling,Wheeling
79,0.004845719954506902,0.10133862529393857,0.00034124527191658176,0.000632136974937005,0.0008633479368121348,0.8919789245678887,Wheeling,Wheeling
80,0.005420480429971828,0.35859156656439567,0.0006060043565530557,0.0006896686720427714,0.0011572553518086701,0.6335350246252275,Wheeling,Wheeling
81,0.005638087798427381,0.5259868928556861,0.0006083056502992057,0.0006816129977691947,0.0009246814240079273,0.46616041927381,Sitting,Wheeling
82,0.007238547260650734,0.09240861255879051,0.0005307071198284686,0.0009449088522150773,0.0011306034050130986,0.8977466208035016,Wheeling,Wheeling
83,0.006046873002107166,0.3464976522951118,0.0004963112826485361,0.0006946706363079143,0.0008030409144128843,0.6454614518694118,Wheeling,Wheeling
84,0.004907893305076423,0.6229778128951152,0.0005276220295162593,0.0005767833041993418,0.00050520317572633,0.37050468529036645,Sitting,Wheeling
85,0.002890621840015849,0.03364398790217379,0.19382327912888048,0.10852061449099283,0.6440352041496524,0.01708629248828474,Walking,Walking
86,0.013828643007224497,0.0692842870332939,0.3248970217422785,0.04412931059965911,0.42911119801362124,0.1187495396039227,StairClimbing,Walking
87,0.0020880360877928265,0.01545986150663196,0.11748306311205327,0.004004461268895483,0.8323310326769978,0.02863354534762859,Walking,Walking
88,0.0022471860758045722,0.01096433535941366,0.0626018401260271,0.0011836504910826995,0.9064822309254004,0.016520757022271643,Walking,Walking
89,0.002942733630956416,0.016618695548732444,0.05976372242349461,0.0027490869948252417,0.8830165123688805,0.03490924903311134,Walking,Walking
90,0.0026696428021889293,0.009849045092033134,0.033112271072721244,0.00236929863707579,0.9331495418829993,0.018850200512981682,Walking,Walking
91,0.002033105555421556,0.01617408539438606,0.056198009810161514,0.002244962361442461,0.9047281786809005,0.018621658197687633,Walking,Walking
92,0.002528735618373599,0.01688374174311542,0.21256277677974253,0.001172427739183227,0.7533144000944683,0.01353791802511699,Walking,Walking
93,0.0033003673636973602,0.013385962102609986,0.13896361011020844,0.0017351043739167343,0.8150351157793226,0.02757984027024499,Walking,Walking
94,0.0029444428572451323,0.015793045393341285,0.24506317582224535,0.0024885878249356875,0.7033523547708669,0.030358393331365207,Walking,Walking
95,0.0034784369363439743,0.01815798865030374,0.13789088932735166,0.002710672415872369,0.8132109299919869,0.024551082678141756,Walking,Walking
96,0.003004880343633701,0.012115516842151414,0.05122297341709766,0.000847408054796281,0.908458832222182,0.02435038912013873,Walking,Walking
97,0.002779200173556863,0.026733233199047503,0.11601592224835108,0.007265020743523323,0.8201701469639929,0.027036476671528455,Walking,Walking
98,0.0027844351379028983,0.015332767378132718,0.062092587981008425,0.0029576671395112448,0.89549294629985,0.021339596063594812,Walking,Walking
99,0.0030659840001355165,0.012010366933896656,0.061272027226773565,0.00147287516385499,0.884626543221859,0.0375522034534802,Walking,Walking
100,0.00202141647007459,0.02226264552543846,0.136342018243487,0.0025679084656690066,0.8311708458713507,0.005635165423980136,Walking,Walking
101,0.00275251404475367,0.020613909884788728,0.1341960436784812,0.005084622115995431,0.8207605609976816,0.016592349278299546,Walking,Walking
102,0.0027800554556234093,0.02528094965260273,0.05771909255430518,0.00578840793055478,0.886771753760355,0.02165974064655909,Walking,Walking
103,0.002628231151554733,0.01963337597903707,0.1338138864366735,0.006919560964915073,0.8124841332689496,0.024520812198869944,Walking,Walking
104,0.003472780756562631,0.005965140374013334,0.05177291911837614,0.03945871061957925,0.8918000575218232,0.007530391609644985,Walking,Walking
105,0.016063434534394367,0.3517898591475277,0.000906652335490289,0.002064499851484995,0.0014687725797652696,0.6277067815513371,Wheeling,Sitting
106,0.01643967421905806,0.4878375700588768,0.0008094461174635993,0.0020398505088626575,0.0014368433660543528,0.4914366157296846,Sitting,Sitting
107,0.015807420356309488,0.42705765281634234,0.0008183048038734752,0.002009087506103447,0.0014198606795491552,0.5528876738378222,Wheeling,Sitting
108,0.009394864540832331,0.4178053456433162,0.0006296452765806726,0.001099072752975026,0.0007759935210055516,0.57029507826529,Wheeling,Sitting
109,0.02506529936629474,0.32535285345086135,0.001221715741278391,0.0037776705612829697,0.002750492345701393,0.6418319685345809,Wheeling,Sitting
110,0.02506529936629474,0.32535285345086135,0.001221715741278391,0.0037776705612829697,0.002750492345701393,0.6418319685345809,Wheeling,Sitting
111,0.02506529936629474,0.32535285345086135,0.001221715741278391,0.0037776705612829697,0.002750492345701393,0.6418319685345809,Wheeling,Sitting
112,0.02506529936629474,0.32535285345086135,0.001221715741278391,0.0037776705612829697,0.002750492345701393,0.6418319685345809,Wheeling,Sitting
113,0.02506529936629474,0.32535285345086135,0.001221715741278391,0.0037776705612829697,0.002750492345701393,0.6418319685345809,Wheeling,Sitting
114,0.02506529936629474,0.32535285345086135,0.001221715741278391,0.0037776705612829697,0.002750492345701393,0.6418319685345809,Wheeling,Sitting
115,0.02506529936629474,0.32535285345086135,0.001221715741278391,0.0037776705612829697,0.002750492345701393,0.6418319685345809,Wheeling,Sitting
116,0.02506529936629474,0.32535285345086135,0.001221715741278391,0.0037776705612829697,0.002750492345701393,0.6418319685345809,Wheeling,Sitting
117,0.019587917476005835,0.7441288544885586,0.0008230280713486341,0.0024490524240204496,0.0017434510739886004,0.231267696466078,Sitting,Sitting
118,0.011008462643855731,0.5226124122702425,0.0008188416424916171,0.0013498657264096347,0.0009444911738203623,0.4632659265431803,Wheeling,Sitting
119,0.00438791735046361,0.2538388460445052,0.0004682819255218965,0.0006437370167719552,0.0013019917337589433,0.7393592259289785,Wheeling,Wheeling
120,0.0058534482877900095,0.34042880305723683,0.00044922074400968547,0.000666399701294162,0.0007217055690125859,0.6518804226406565,Wheeling,Wheeling
121,0.003894563408684879,0.3116177356153574,0.00036211825612089953,0.0004446511209463,0.0004344601391145283,0.6832464714597761,Wheeling,Wheeling
122,0.007727054758728358,0.3626652577857371,0.0005234181322370927,0.0009129288102752348,0.0010274467071383958,0.6271438938058838,Wheeling,Wheeling
123,0.0049622860952240385,0.36279339167605196,0.0004330411165088865,0.0005060468737152743,0.0007441776525969659,0.630561056585903,Wheeling,Wheeling
124,0.004329672296513994,0.38718707373787586,0.0005011610610478396,0.0004686950220121846,0.000681426000902302,0.6068319718816475,Wheeling,Wheeling
125,0.005038324198670272,0.22080701774472364,0.0004677158531625854,0.0006173111993503476,0.0006818636456265828,0.7723877673584665,Wheeling,Wheeling
126,0.0033927054116280404,0.31634719060099437,0.00037736959258083673,0.00038427858258815594,0.0004373981565070143,0.6790610576557019,Wheeling,Wheeling
127,0.004997669126536442,0.3890299135600051,0.0004806224759204888,0.0006462403047720861,0.0010467995367953314,0.6037987549959707,Wheeling,Wheeling
128,0.004787228027467741,0.15323373366764842,0.0003727762992675705,0.0005267677961436784,0.0008155613796139677,0.840263932829859,Wheeling,Wheeling
129,0.004424427802787487,0.39200845074012725,0.00041225461879576417,0.0005089152261023048,0.0008919011058672411,0.6017540505063197,Wheeling,Wheeling
130,0.004537149200000495,0.3794249220681713,0.00040304993531417935,0.00045036633007298165,0.000556682492298898,0.614627829974142,Wheeling,Wheeling
131,0.005913513486026104,0.2495468477640537,0.0005364672718867043,0.0007175651564757008,0.0008058458636046981,0.742479760457953,Wheeling,Wheeling
132,0.004748202324903141,0.20133971281513913,0.00040727405668371713,0.0005356869640552166,0.0006554638239531419,0.7923136600152658,Wheeling,Wheeling
133,0.004459883647013381,0.3794224142535199,0.00047631739993798505,0.0005744090891583314,0.001075011775898594,0.6139919638344719,Wheeling,Wheeling
134,0.0046542700316084965,0.3156287795082901,0.00043422193036606407,0.0005321223834711737,0.0011124446595567607,0.6776381614867073,Wheeling,Wheeling
135,0.0014715718893065265,0.25348675792120307,0.0004708633639761214,0.0005682442146284768,0.0005253489589251981,0.7434772136519603,Wheeling,Wheeling
136,0.006645464194029016,0.24875865204946204,0.0005162346886986466,0.00078581448579055,0.0016320521726876978,0.7416617824093321,Wheeling,Wheeling
137,0.9879653953692041,0.002890834935789473,0.002517767292554753,0.0009812932505117572,0.0018910065516499468,0.003753702600289956,Lying,Lying
138,0.982267683316212,0.008186059488209491,0.00185476784724038,0.0031862247436918742,0.0013110572055901944,0.003194207399056118,Lying,Lying
139,0.9746265676631852,0.012348184549646894,0.0021218631790256366,0.004328404973402682,0.0022316259308202257,0.004343353703919208,Lying,Lying
140,0.9791381310529228,0.010903857309059793,0.0013815356876992436,0.0032805023688195893,0.002833148269877415,0.0024628253116209817,Lying,Lying
141,0.9784231410896778,0.01137873050546969,0.0013939287967571696,0.003631008179195183,0.0024385524825556067,0.00273463894634467,Lying,Lying
142,0.9782986028870239,0.011425798523079242,0.0014722523605294271,0.0036288044023071475,0.0023230095693935198,0.0028515322576669554,Lying,Lying
143,0.9783982425821431,0.011547614289547979,0.0014718422863560052,0.003587091749966622,0.0021909524063697373,0.0028042566856165707,Lying,Lying
144,0.9784184058286916,0.011686507066052376,0.001381019527052911,0.0036663633024945955,0.002125476710268502,0.002722227565440221,Lying,Lying
145,0.9785784335374614,0.010938282086444382,0.0015319038782188317,0.003738994003170267,0.0024424176452841517,0.002769968849420683,Lying,Lying
146,0.979573814851094,0.009961376523700887,0.0015147894613962557,0.0034352679365181205,0.002025164924702799,0.003489586302588136,Lying,Lying
147,0.9790525792025085,0.010621325459573354,0.0014125635561264747,0.0034222361609050323,0.00219329713457585,0.0032979984863108114,Lying,Lying
148,0.9826702939745097,0.007946157096149355,0.0012434869326103909,0.003625070742727314,0.0022834002860016825,0.0022315909680017633,Lying,Lying
149,0.9834394451235337,0.006834337316052808,0.0016517797650550015,0.002791119832704618,0.002539810202890055,0.0027435077597643227,Lying,Lying
150,0.9802711991851806,0.009382454619316936,0.0014685615925536198,0.0030412430601879053,0.0025405276507701295,0.0032960138919907534,Lying,Lying
151,0.9801407916288463,0.009596975535247201,0.0014359957305213964,0.0032059135328455063,0.002298782417593375,0.0033215411549464015,Lying,Lying
152,0.9771686501316001,0.011335491233826772,0.0016996038908717193,0.0036731455583416503,0.0019389679751169165,0.00418414121024263,Lying,Lying
153,0.9762184749059569,0.011634136844681179,0.0017889338424615139,0.0038655405522188715,0.0020820613312130458,0.004410852523468611,Lying,Lying
154,0.9799463726494355,0.00956642353519207,0.001541705977861074,0.0031884798353057743,0.00235698141071473,0.0034000365914906355,Lying,Lying
155,0.9806935525081736,0.009268466917952552,0.0014642725601063521,0.003229816663084734,0.002168032584729526,0.0031758587659532797,Lying,Lying
156,0.9731203726511768,0.013097877555762968,0.002028360831067491,0.004158423327671662,0.0020433222628817305,0.005551643371439449,Lying,Lying
157,0.9794769852723562,0.009827348929947266,0.0015445016158323866,0.003273723258638221,0.002398027731051126,0.0034794131921748388,Lying,Lying
158,0.9795002871969241,0.008990133592426336,0.00150611544354245,0.0015446548850536822,0.0023297232741116046,0.00612908560794196,Lying,Lying
159,0.00645518555850056,0.08953007611313671,0.026367223050610088,0.7532554603508573,0.05715647275015198,0.06723558217674327,Standing,Standing
160,0.004365979937939219,0.04483030685835866,0.01668712223099002,0.8106015903784128,0.06910066404283005,0.05441433655146915,Standing,Standing
161,0.0028431505822728983,0.025337384302053956,0.012726503013493517,0.9143469566231851,0.015850948876562358,0.028895056602433012,Standing,Standing
162,0.002846071387350606,0.026855626402809765,0.006419056789396331,0.9252010105652827,0.019148957732430576,0.019529277122730025,Standing,Standing
163,0.005518286383483429,0.04706671221848322,0.022175836618333455,0.6976042968143005,0.0622571341729348,0.16537773379246454,Standing,Standing
164,0.003901809863243474,0.04696137638021603,0.025253371863000897,0.8688554518004542,0.012453835944378622,0.042574154148706536,Standing,Standing
165,0.021542236910090492,0.08502458156030603,0.4347846146911662,0.29176396606292865,0.04598820302757766,0.12089639774793137,StairClimbing,Standing
166,0.0035184462562679996,0.07734082966800514,0.011558323141295507,0.8397534549601616,0.02946624307789051,0.038362702896379434,Standing,Standing
167,0.0011395596923242705,0.0022911791609602143,0.01071186334533941,0.9697193725371154,0.011497807325449302,0.004640217938811276,Standing,Standing
168,0.002821748462702025,0.15907410160581748,0.015833928152335794,0.7542651097430424,0.025816808661075184,0.04218830337502699,Standing,Standing
169,0.0028387361466552154,0.06188454943911073,0.01280038675072303,0.8897185285881374,0.009042308536045974,0.023715490539327595,Standing,Standing
170,0.002044858423250091,0.0433062717411903,0.008720609301375366,0.8992517684868189,0.018824924807164863,0.027851567240201127,Standing,Standing
171,0.0034076070064510576,0.06626873451358492,0.00680803431430549,0.8745968815103617,0.020497824235788862,0.028420918419507984,Standing,Standing
172,0.004045776794068909,0.1939610400963214,0.048144500044741884,0.511416177448683,0.03938232361794974,0.20305018199823516,Standing,Standing
173,0.003519637534709732,0.20649266567981034,0.006567055698439742,0.7367634819403617,0.02061548656570763,0.026041672580970853,Standing,Standing
174,0.003239141928094696,0.04775309109091146,0.028715127599672687,0.6669306066404173,0.18167688731311746,0.07168514542778669,Standing,Standing
175,0.005685310913880267,0.036420147241611744,0.08893676657405453,0.05534462249001213,0.4424714825370504,0.3711416702433907,Walking,Walking
176,0.0033709826015474883,0.021481645022474696,0.016819534645681453,0.005525050793506306,0.8502389065014674,0.10256388043532252,Walking,Walking
177,0.00224967590798128,0.01433078364665218,0.015931549072903433,0.002025642908114829,0.9446364582613322,0.020825890203015784,Walking,Walking
178,0.002250458932309103,0.008642236984430902,0.029208638883885262,0.002180494368870759,0.9321193033498331,0.02559886748067098,Walking,Walking
179,0.002934029646048223,0.015339177499791348,0.017163998560613146,0.010949976503035906,0.873630985302652,0.07998183248785967,Walking,Walking
180,0.003116050808644596,0.012448479222987655,0.04541000128146964,0.0015810108742020039,0.9124691924864314,0.024975265326264883,Walking,Walking
181,0.0025744218830010854,0.00667693947578958,0.04380548470846865,0.0009717989317125471,0.903955376532636,0.04201597846839203,Walking,Walking
182,0.003012525177203633,0.02079767685265315,0.11352598130931646,0.004425937735366831,0.8035913801991638,0.054646498726295935,Walking,Walking
183,0.003995498805390377,0.013259141635546805,0.02596587927316451,0.005652282397296869,0.9206957520784279,0.030431445810173263,Walking,Walking
184,0.0029952983413941052,0.012568862560515927,0.030804803209835866,0.0039474901127369896,0.8950372725474393,0.05464627322807797,Walking,Walking
185,0.004673177613196973,0.016764112283503534,0.05263901618057626,0.005941136231539387,0.9016330700738756,0.01834948761730796,Walking,Walking
186,0.002640419737059571,0.012146566359889139,0.10600393851268075,0.004132261267669827,0.8028834968971977,0.0721933172255029,Walking,Walking
187,0.003015785363368182,0.011451635099790398,0.017410404789115087,0.0010723777683339893,0.927276200002279,0.03977359697711313,Walking,Walking
188,0.0030617613107791386,0.014862930435996284,0.01756344390389978,0.0020551434347910024,0.9342098541663274,0.02824686674820635,Walking,Walking
189,0.002129074724325836,0.011278945300042795,0.020142576824175102,0.0034993725278772677,0.9497482945865504,0.013201736037028785,Walking,Walking
190,0.0020683778585928953,0.0062538936261107405,0.040222217597416315,0.0005189612267419356,0.9440016699148965,0.006934879776240972,Walking,Walking
191,0.0021517391083082735,0.013523196695878698,0.24013428399861866,0.0021590225618586594,0.7329071222457247,0.009124635389611205,Walking,Walking
192,0.004433147688854622,0.024620740195599213,0.20647981026895937,0.021552297761705173,0.6988111117523141,0.044102892332567395,Walking,Walking
193,0.0028679684090359846,0.009642002553735434,0.02388876385217537,0.0032096170673314847,0.9238399853699161,0.036551662747805684,Walking,Walking
194,0.00418449639070114,0.014642716299810465,0.17121835487271816,0.008253639936612473,0.7703579373916584,0.031342855108499684,Walking,Walking
195,0.001958434731919716,0.002323098186367306,0.9929550394847142,0.0019462351805161816,0.0004939717232578329,0.0003232206932249509,StairClimbing,Walking
196,0.00249259729674588,0.0035453042297422747,0.1080126805923969,0.0013583984990867305,0.8789063700752234,0.0056846493068049226,Walking,Walking
197,0.0033844740790139995,0.014802231016876123,0.45958314016824775,0.0028999933310328145,0.4929456239035921,0.026384537501237086,Walking,Walking
198,0.0018927749718196506,0.004687073364483127,0.037881298512454614,0.001168069610498972,0.9439231578117513,0.010447625728992563,Walking,Walking
199,0.007344782812764136,0.016190773832350097,0.26679096362641114,0.007750936886769574,0.4319075318739484,0.2700150109677566,Walking,Walking
200,0.0019746058531407425,0.006457466760288447,0.03642253785424913,0.0012247288362590221,0.9366720838396624,0.017248576856399987,Walking,Walking
201,0.0026944664790396824,0.008007304147875887,0.037566404947265986,0.003692370505234201,0.9308425062046768,0.01719694771590795,Walking,Walking
202,0.002383959155511753,0.005235924745981723,0.1331958042143522,0.0005711468214129014,0.8457421434358604,0.012871021626881278,Walking,Walking
203,0.0030822298564605103,0.0059795831823221905,0.10482031566980331,0.0009832957395923521,0.8796296458451693,0.005504929706652234,Walking,Walking
204,0.002781926139205559,0.013009778406987091,0.3574595154864006,0.0031268278628763953,0.6107020455730109,0.012919906531519632,Walking,Walking
205,0.002182021474276309,0.01158068019188191,0.0964546222086251,0.0025230017988251974,0.8642398344411345,0.02301983988525715,Walking,Walking
206,0.0027654468455561,0.006387152694945529,0.0813681775798225,0.0018747721576065043,0.8887629688199582,0.018841481902111355,Walking,Walking
207,0.0019078494749072891,0.008137591114045264,0.05380449184049463,0.001311616967987171,0.9207252196016621,0.014113231000903205,Walking,Walking
208,0.002410018884645184,0.01212688971851758,0.03616070367858834,0.0060116217110869055,0.9227075991250666,0.020583166882095646,Walking,Walking
209,0.0022682082337616137,0.0058073664288325715,0.05206650422606417,0.005174836851415778,0.9143086376039357,0.02037444665599009,Walking,Walking
210,0.0024317584664153608,0.009050159754335341,0.11176463960698887,0.001278297525339776,0.8562824612383664,0.01919268340855421,Walking,Walking
211,0.0018883699138054204,0.008849022035118321,0.1254145021765232,0.0021302663914920723,0.8358608307622525,0.025857008720809115,Walking,Walking
212,0.0024111813959662165,0.009716497441896758,0.03872589817681412,0.0025980010254153733,0.9299460733654413,0.016602348594466475,Walking,Walking
213,0.0019859285242520243,0.01420069015212332,0.04077202719916219,0.013768897478504868,0.9114441727991999,0.017828283846757546,Walking,Walking
214,0.0016888182239940767,0.00828181966935198,0.0641105988738157,0.002785284366916251,0.9185337966706545,0.004599682195267999,Walking,Walking
215,0.006978651513778687,0.016251181700999054,0.7237589968550187,0.10130328212613095,0.13008237483527918,0.02162551296879352,StairClimbing,Walking
216,0.016078026346309268,0.026917069848692948,0.26268235689896635,0.48159572491713476,0.1782134036414574,0.03451341834743953,StairClimbing,Walking
217,0.0027457535142287257,0.010255415568656046,0.08682368675056264,0.7233728757465433,0.14804265799174954,0.028759610428259585,Standing,Standing
218,0.0028405773652743754,0.019790587451977898,0.015648331948557408,0.878388046119857,0.06821230288235103,0.015120154231982538,Standing,Standing
219,0.0027013870058797337,0.017871662159532172,0.02659614405824429,0.898956853645927,0.030425347003768657,0.02344860612664788,Standing,Standing
220,0.0027178824672355675,0.03037488004369316,0.018635203220238455,0.9172512866081469,0.012363515783725723,0.018657231876960584,Standing,Standing
221,0.002488767643711208,0.01041052323747213,0.008894234183717905,0.9594919893325673,0.011495434337317954,0.007219051265213113,Standing,Standing
222,0.00269644290080375,0.020702835953334876,0.007659178193544075,0.9480651386863771,0.012387976484834666,0.008488427781105316,Standing,Standing
223,0.003102823855779539,0.02991590113652189,0.011233372639516057,0.9184106918401451,0.0198091086023019,0.017528101925735534,Standing,Standing
224,0.00243454172772315,0.01546072331805395,0.01299850329861533,0.9423327547585597,0.012942407911341096,0.01383106898570705,Standing,Standing
225,0.003193325587800587,0.012524513140045863,0.005772109984424099,0.9585668836989469,0.010683968745663026,0.009259198843119577,Standing,Standing
226,0.004089387632316675,0.05071608307157324,0.006569345592642253,0.9011354801939088,0.019489898608111376,0.017999804901447612,Standing,Standing
227,0.0032344132260950353,0.08174504479768974,0.009038227079824688,0.8352422561184438,0.030185252615204716,0.04055480616274201,Standing,Standing
228,0.0023629289797454413,0.011739250022064968,0.009883627519284992,0.9334155168334581,0.02294675998393206,0.019651916661514963,Standing,Standing
229,0.0027667944430382436,0.031026299639133413,0.014513372876140258,0.9115899665172356,0.01803711145767872,0.02206645506677363,Standing,Standing
230,0.0024295897195447196,0.03253432199049089,0.011371871834126713,0.9012419422154413,0.020896974681607592,0.031525299558788904,Standing,Standing
231,0.0024078021812607184,0.017517474111961827,0.006235734559761082,0.9417352436082813,0.020320532798489374,0.011783212740245639,Standing,Standing
232,0.003128325140454762,0.04568189372735815,0.008549516032657798,0.9105628073024523,0.01785622842153934,0.014221229375537464,Standing,Standing
233,0.0020533507578939,0.017914204952652314,0.004754362307700112,0.9481307742616584,0.012983923545768784,0.014163384174326341,Standing,Standing
234,0.002046597521018871,0.01643402436821551,0.008286473443581912,0.9480727592245508,0.011778383342264994,0.013381762100368125,Standing,Standing
235,0.004847723179489115,0.023092065800713164,0.08872831199302028,0.7507188310077741,0.12090321258930478,0.011709855429698638,Standing,Standing
236,0.9841358179254925,0.006350849348310832,0.0025636937022328146,0.002675403140655174,0.0015595331121250034,0.0027147027711837734,Lying,Lying
237,0.9596411487619162,0.014753534707163993,0.005577575545525482,0.005642705787535405,0.0029667859681227374,0.01141824922973631,Lying,Lying
238,0.9791321642519059,0.010382430692343571,0.0015213635092550556,0.003596518539881444,0.0026706663862449617,0.002696856620368926,Lying,Lying
239,0.9770373913612183,0.01205036782219944,0.0015233300717526624,0.003922910715981773,0.0024272665914228733,0.003038733437424844,Lying,Lying
240,0.9750683257339413,0.011761076396437118,0.0022625234769441077,0.0037472511162233496,0.0029993814312441105,0.004161441845209849,Lying,Lying
241,0.9804363887747642,0.009724944537617564,0.0015433219302360586,0.003545666990455116,0.0023053233993573646,0.002444354367569688,Lying,Lying
242,0.9781974714439864,0.011050053674913438,0.0015942415912367804,0.0038007921097859905,0.0024304966631563973,0.002926944516921069,Lying,Lying
243,0.9616200038466537,0.023405271604434074,0.001034826797757329,0.006538626352146421,0.0008259215568946114,0.006575349842114079,Lying,Lying
244,0.980684695484318,0.009535140095431468,0.001560464966233112,0.003520646005069228,0.0022573727103679447,0.002441680738580437,Lying,Lying
245,0.9769490093230837,0.01149961760719466,0.0019124197479122684,0.003939333664894353,0.0023035923072492826,0.0033960273496655923,Lying,Lying
246,0.978003773388032,0.01044046148604381,0.0022259340556405258,0.0038458432079125407,0.0016781284406982033,0.0038058594216729188,Lying,Lying
247,0.9790791222373643,0.009540975285159093,0.0022632199740472885,0.003452991707368157,0.0024767189324944967,0.0031869718635665354,Lying,Lying
248,0.981789696638462,0.007164018959486174,0.002774967328887439,0.00312802271391089,0.0023847135749066393,0.002758580784346853,Lying,Lying
249,0.9794805924971265,0.009678712316832665,0.0018625104429108852,0.0038150446188160835,0.0024684867350360613,0.002694653389277725,Lying,Lying
250,0.967530556961592,0.017278226123138514,0.0018254208150196738,0.003615245268038506,0.003911738031004908,0.005838812801206162,Lying,Lying
251,0.9619532298899267,0.012574637748544962,0.006752626597206303,0.00514696569172495,0.0044868594032605605,0.009085680669336401,Lying,Lying
252,0.9715125985687322,0.01448536872649526,0.0026250447830554534,0.0043127029122464085,0.0019702383496979117,0.005094046659772816,Lying,Lying
253,0.980428252900043,0.009589503714630807,0.002081866759453126,0.003254994171164911,0.0014005339152138212,0.003244848539494397,Lying,Lying
254,0.9738027928072984,0.013407676575795103,0.0018865532337123947,0.004254052544495545,0.0029560090555695888,0.0036929157831290097,Lying,Lying
255,0.9818726809155953,0.008040473708259185,0.0018881742511797348,0.0033847950116233003,0.0023786925866320485,0.0024351835267106977,Lying,Lying
256,0.9754219019147996,0.012454643529776285,0.0017831026249887619,0.004283436344472859,0.002702916727357765,0.0033539988586047294,Lying,Lying
257,0.969600446653358,0.013090019227850582,0.0030596314182399073,0.005090879157395548,0.0038691715013388557,0.005289852041817273,Lying,Lying
258,0.975292861999155,0.012492057324177833,0.0018731168727978106,0.0043029482283459194,0.002470961049233547,0.00356805452628972,Lying,Lying
259,0.9723669340283045,0.014202148773407629,0.00211905277977612,0.004344199124464505,0.002306335524373577,0.004661329769673966,Lying,Lying
260,0.9754440641861177,0.01285435815100522,0.0017840463527509856,0.004068847421380422,0.0021682369993362236,0.0036804468894093218,Lying,Lying
261,0.9763303156917817,0.012309853000267296,0.0017336850179886973,0.004031147138130559,0.002112888326049126,0.0034821108257825106,Lying,Lying
262,0.9799174900813363,0.010479315580342353,0.001548075144432059,0.0031649774197929897,0.002428711095975754,0.0024614306781206596,Lying,Lying
263,0.9798994309034351,0.010455254792101326,0.001745602681868627,0.0032538207696275762,0.0019062835710744403,0.002739607281892946,Lying,Lying
264,0.9802355742577505,0.010917249458280109,0.0012222170261907712,0.003247831355090427,0.002175138159532823,0.002201989743155563,Lying,Lying
265,0.9799279321240749,0.009464986563109543,0.0015587205882454257,0.002597752205389517,0.0021532334164969,0.004297375102683784,Lying,Lying
266,0.9729238666595288,0.002746295330657237,0.005491122933756383,0.0022075023563333032,0.006333748180818634,0.010297464538905869,Lying,Lying
267,0.0023490419196975686,0.11318107759366558,0.0015632849110309808,0.00321019483052497,0.007900853620233418,0.8717955471248476,Wheeling,Wheeling
268,0.0021887629048552935,0.41856327294637613,0.0031905089953201678,0.006497317819964453,0.006011980493619008,0.5635481568398651,Wheeling,Wheeling
269,0.0020305529559159954,0.3351849053000052,0.0018876615189482929,0.008165141454645064,0.005767196499922102,0.6469645422705633,Wheeling,Wheeling
270,0.0024870773733694147,0.24676056833040075,0.0019004030720286,0.007254019944620759,0.009052270255640427,0.73254566102394,Wheeling,Wheeling
271,0.0020851585062597808,0.1847646517695247,0.0014296658055623368,0.003949231093119915,0.00786138251090177,0.7999099103146314,Wheeling,Wheeling
272,0.002308659782242277,0.27440827542153623,0.001728145815389398,0.005498497733887655,0.007267108656635772,0.7087893125903086,Wheeling,Wheeling
273,0.0017395387211216022,0.3880780295381761,0.006358262678841529,0.006751552277169611,0.004204741255120048,0.5928678755295712,Wheeling,Wheeling
274,0.002861211362177293,0.16297123504216315,0.0010694501333223393,0.005103472175674726,0.008850226692216395,0.8191444045944462,Wheeling,Wheeling
275,0.0021829062608395237,0.34058753125320806,0.002191792710716342,0.009432381081450017,0.006609580618698049,0.6389958080750882,Wheeling,Wheeling
276,0.0027812068014880873,0.10115105417719016,0.0008876525421844213,0.004243301117688353,0.012364803631357365,0.8785719817300917,Wheeling,Wheeling
277,0.002292732991644157,0.04426749762091738,0.0009850148583998397,0.0031794374313362816,0.013280743140775198,0.935994573956927,Wheeling,Wheeling
