,0,1,2,3,4,5,modelStates,target
0,0.9839870009904983,0.0033790580241099956,0.002894076589009177,0.0013127914595640697,0.0035357708693561428,0.0048913020674620404,Lying,Lying
1,0.9865346786291924,0.0020961062442335504,0.002037171771900791,0.0025435254410332013,0.001830954850206891,0.0049575630634331475,Lying,Lying
2,0.9837942286994615,0.002303804671338519,0.0022437831028265364,0.002400275508721637,0.0035148690524779425,0.005743038965173942,Lying,Lying
3,0.9903644305078703,0.0011963227050487896,0.001918608316509302,0.0010660732410758872,0.00289373098474031,0.002560834244755492,Lying,Lying
4,0.9881750128754344,0.002901901956799615,0.0023845776539490383,0.001026675868190066,0.00370829148283401,0.001803540162792987,Lying,Lying
5,0.997885992466882,2.188172041666225e-05,0.0006506747296051536,0.0002163466124116644,0.0008790584977671651,0.000346045972917379,Lying,Lying
6,0.9750015240423093,0.0003328174011685927,0.005218378228335759,0.002332963069180367,0.011195453678544569,0.0059188635804615294,Lying,Lying
7,0.9821297591721386,0.0028594606676317137,0.002516926095197893,0.0033584455159352405,0.00258846194781125,0.006546946601285122,Lying,Lying
8,0.982198717549265,0.003081608262251239,0.002453676529282467,0.003263136621736314,0.002637088886308038,0.006365772151156862,Lying,Lying
9,0.9788818157561625,0.005360396364672313,0.0027601178073660346,0.0034647136624609436,0.0027379473658944503,0.006795009043443522,Lying,Lying
10,0.9795601592603363,0.004573511622558891,0.002620526497187085,0.0034493409725524604,0.002401826463781118,0.007394635183583971,Lying,Lying
11,0.9810303511188085,0.0017426163070493363,0.002628103064353875,0.003197715992281124,0.0037638334402638187,0.007637380077243219,Lying,Lying
12,0.9825468362306856,0.0022737736978269392,0.0022113048866559608,0.003198372062192519,0.0026771400901997016,0.007092573032439228,Lying,Lying
13,0.9810598403198333,0.004573485531620818,0.002982574523097055,0.0033973438294260835,0.002302647647787741,0.005684108148234905,Lying,Lying
14,0.9807297497518205,0.003995270475696986,0.0025468104730979207,0.003277060858976094,0.0027001686750212275,0.0067509397653872155,Lying,Lying
15,0.9857446415637924,0.0009663870182256546,0.0027189593921909208,0.0033418342416052494,0.002918896400139051,0.004309281384046775,Lying,Lying
16,0.9800123419574586,0.003866510672274405,0.0025249250912694524,0.0035020962562017943,0.002555266979661271,0.007538859043134338,Lying,Lying
17,0.9831023997153245,0.002861709608495076,0.0025505359432041607,0.003139256523131984,0.0024605317204349033,0.005885566489409437,Lying,Lying
18,0.9824153492621706,0.0030989038975069395,0.002534699884453737,0.0032304845596166087,0.0025930872764920224,0.006127475119760142,Lying,Lying
19,0.9841890875970174,0.002429023373224643,0.002712153998015935,0.003110150373015276,0.0024314940787593434,0.0051280905799672896,Lying,Lying
20,0.9813636449858858,0.0029838146785606695,0.0027918529592625366,0.003499407393793052,0.002990803814246546,0.006370476168251412,Lying,Lying
21,0.979284735835715,0.0039059176960720182,0.0027238935976800797,0.003697467675670859,0.0030046279428992692,0.007383357251962879,Lying,Lying
22,0.9804421845717625,0.0031632039953769842,0.0025287338210951017,0.003491356487991043,0.0027686827809641776,0.007605838342810292,Lying,Lying
23,0.9773675998866055,0.005745523922594189,0.002767790063242876,0.0035899464076765697,0.002933045840660205,0.007596093879220511,Lying,Lying
24,0.9812542012771818,0.0033955604721270273,0.002598708593221435,0.003356492448697495,0.002560804902088704,0.00683423230668329,Lying,Lying
25,0.9816462087788974,0.0029768269256479347,0.0024908284272263203,0.003411004449348885,0.0026397387505087398,0.006835392668370566,Lying,Lying
26,0.9801994227516702,0.00349664881301456,0.0024655871642798198,0.003465403337793922,0.002608122518539536,0.007764815414701911,Lying,Lying
27,0.9800351239083616,0.0036315808369485154,0.002567126597947494,0.003517990076695496,0.0027525299152967374,0.007495648664750161,Lying,Lying
28,0.9721999984049401,0.00855273329897852,0.0023165380256556043,0.0035942333458738795,0.0029462034786098944,0.01039029344594181,Lying,Lying
29,0.9721999984049401,0.00855273329897852,0.0023165380256556043,0.0035942333458738795,0.0029462034786098944,0.01039029344594181,Lying,Lying
30,0.9721999984049401,0.00855273329897852,0.0023165380256556043,0.0035942333458738795,0.0029462034786098944,0.01039029344594181,Lying,Lying
31,0.9721999984049401,0.00855273329897852,0.0023165380256556043,0.0035942333458738795,0.0029462034786098944,0.01039029344594181,Lying,Lying
32,0.9721999984049401,0.00855273329897852,0.0023165380256556043,0.0035942333458738795,0.0029462034786098944,0.01039029344594181,Lying,Lying
33,0.9721999984049401,0.00855273329897852,0.0023165380256556043,0.0035942333458738795,0.0029462034786098944,0.01039029344594181,Lying,Lying
34,0.9721999984049401,0.00855273329897852,0.0023165380256556043,0.0035942333458738795,0.0029462034786098944,0.01039029344594181,Lying,Lying
35,0.9721999984049401,0.00855273329897852,0.0023165380256556043,0.0035942333458738795,0.0029462034786098944,0.01039029344594181,Lying,Lying
36,0.9721999984049401,0.00855273329897852,0.0023165380256556043,0.0035942333458738795,0.0029462034786098944,0.01039029344594181,Lying,Lying
37,0.9792727674430716,0.003949839355700452,0.0020436798007027,0.003026045198471434,0.0026778532637134764,0.009029814938340491,Lying,Lying
38,0.9792727674430716,0.003949839355700452,0.0020436798007027,0.003026045198471434,0.0026778532637134764,0.009029814938340491,Lying,Lying
39,0.9792727674430716,0.003949839355700452,0.0020436798007027,0.003026045198471434,0.0026778532637134764,0.009029814938340491,Lying,Lying
40,0.9792727674430716,0.003949839355700452,0.0020436798007027,0.003026045198471434,0.0026778532637134764,0.009029814938340491,Lying,Lying
41,0.9792727674430716,0.003949839355700452,0.0020436798007027,0.003026045198471434,0.0026778532637134764,0.009029814938340491,Lying,Lying
42,0.9792727674430716,0.003949839355700452,0.0020436798007027,0.003026045198471434,0.0026778532637134764,0.009029814938340491,Lying,Lying
43,0.9792727674430716,0.003949839355700452,0.0020436798007027,0.003026045198471434,0.0026778532637134764,0.009029814938340491,Lying,Lying
44,0.9792727674430716,0.003949839355700452,0.0020436798007027,0.003026045198471434,0.0026778532637134764,0.009029814938340491,Lying,Lying
45,0.9792727674430716,0.003949839355700452,0.0020436798007027,0.003026045198471434,0.0026778532637134764,0.009029814938340491,Lying,Lying
46,0.9792727674430716,0.003949839355700452,0.0020436798007027,0.003026045198471434,0.0026778532637134764,0.009029814938340491,Lying,Lying
47,0.9792727674430716,0.003949839355700452,0.0020436798007027,0.003026045198471434,0.0026778532637134764,0.009029814938340491,Lying,Lying
48,0.9792727674430716,0.003949839355700452,0.0020436798007027,0.003026045198471434,0.0026778532637134764,0.009029814938340491,Lying,Lying
49,0.9792727674430716,0.003949839355700452,0.0020436798007027,0.003026045198471434,0.0026778532637134764,0.009029814938340491,Lying,Lying
50,0.9792727674430716,0.003949839355700452,0.0020436798007027,0.003026045198471434,0.0026778532637134764,0.009029814938340491,Lying,Lying
51,0.9897421668117837,0.001984048487324399,0.0014584869253820687,0.0014891688274336107,0.001868196303023112,0.0034579326450529056,Lying,Lying
52,0.368048559805952,0.06273058007085555,0.030958793895895283,0.029326604385775917,0.07279190938528168,0.43614355245623937,Lying,Sitting
53,0.005573872152967548,0.06421569853281457,0.013710865539412451,0.05371191599847625,0.04784927430199479,0.8149383734743343,Wheeling,Sitting
54,0.002103789323497807,0.9540811026067131,0.00124377421665964,0.001989134098686812,0.0012014057512995408,0.03938079400314315,Sitting,Sitting
55,0.0015810119504176762,0.7878021239067157,0.002465080980600822,0.011896325643191609,0.006060059802791397,0.19019539771628274,Sitting,Sitting
56,0.0021718904629406312,0.8443878154019536,0.0019412798559940144,0.0029212131212490076,0.004830194524389723,0.14374760663347314,Sitting,Sitting
57,0.001972669191822532,0.7574307129063461,0.0015596328238871035,0.0051708509402788715,0.0030664757732138622,0.23079965836445154,Sitting,Sitting
58,0.0018571763540053716,0.9816934857182323,0.0008894176079814898,0.0007254716753686871,0.0016508994068456203,0.013183549237566681,Sitting,Sitting
59,0.0016871057962117705,0.9110077750015563,0.0008048532964599541,0.0030213413702144427,0.002312758359234937,0.08116616617632236,Sitting,Sitting
60,0.0016105407487618803,0.766307664560199,0.0016659555964691373,0.0052937263209381245,0.0007046169361940413,0.22441749583743775,Sitting,Sitting
61,0.0017402433108609826,0.9907954595907791,0.0009335713612073196,0.0005117772333018385,0.0007049706367400647,0.0053139778671106004,Sitting,Sitting
62,0.0016675868178316002,0.9330793898512273,0.000773149838330451,0.002090624984510026,0.0028968811451796153,0.05949236736292133,Sitting,Sitting
63,0.0019088815620302965,0.9925740405081549,0.0004894835927854685,0.00023522438148637986,0.0028475031473692916,0.001944866808173842,Sitting,Sitting
64,0.0019088815620302965,0.9925740405081549,0.0004894835927854685,0.00023522438148637986,0.0028475031473692916,0.001944866808173842,Sitting,Sitting
65,0.00165010801095176,0.9612616192865808,0.0010703955890131762,0.00198252056382484,0.0021557458636454687,0.03187961068598403,Sitting,Sitting
66,0.0015786286321327597,0.939289552263727,0.0018586083623112236,0.003845151821927722,0.002684007411992848,0.05074405150790834,Sitting,Sitting
67,0.0017071075330600087,0.9766882436346944,0.0014913155025395506,0.0016188639041126093,0.002636460044407731,0.015858009381185575,Sitting,Sitting
68,0.0015874313073119294,0.9097838428480024,0.000741404029369343,0.004206288370419919,0.0017557522590511516,0.08192528118584523,Sitting,Sitting
69,0.0016937862444753224,0.9760284176375355,0.000651225527355537,0.0009640360656449858,0.002562982381287446,0.01809955214370151,Sitting,Sitting
70,0.0015282553239383617,0.8932502383346993,0.0012346018361330767,0.0037026480117560985,0.0011974666161292673,0.09908678987734396,Sitting,Sitting
71,0.0018561984700100004,0.9804627355195886,0.0004676033023380342,0.0009752174884651573,0.00122826853238115,0.015009976687216708,Sitting,Sitting
72,0.021547304015015967,0.12295237670733918,0.038325973657439574,0.13791959751155747,0.07488681660230914,0.6043679315063392,Wheeling,Sitting
73,0.0019240752116872308,0.992507259415224,0.0004966171133441635,0.00024196671644849356,0.0028737484325187853,0.001956333110777423,Sitting,Sitting
74,0.00040805802684057874,0.9779402842052299,0.0005152614890048176,0.0005706742203794852,0.0020956702053357497,0.018470051853209334,Sitting,Sitting
75,0.00040805802684057874,0.9779402842052299,0.0005152614890048176,0.0005706742203794852,0.0020956702053357497,0.018470051853209334,Sitting,Sitting
76,0.00197546749852409,0.008349049119905111,0.04624555976196954,0.009323250138235956,0.9266152434744592,0.007491430006906254,Walking,Sitting
77,0.002660460672169225,0.017656149132372505,0.11850108338906834,0.8177898898395751,0.034958326582135706,0.008434090384678787,Standing,Standing
78,0.0025146859249588547,0.03284921251428995,0.06514647380488864,0.8575168944804478,0.03198868964142101,0.009984043633993956,Standing,Standing
79,0.002917216476800622,0.03448656433220147,0.046442901318749306,0.898241147177485,0.008814541308235578,0.009097629386528082,Standing,Standing
80,0.0030522499123463967,0.07052484179151969,0.05212824271601569,0.8370825426018679,0.02142171865418745,0.01579040432406295,Standing,Standing
81,0.0027374617538468496,0.04411882975224471,0.025346874056659627,0.900245693594858,0.007605020603434367,0.019946120238956682,Standing,Standing
82,0.002149429554025126,0.05087875873402654,0.05625922973558245,0.8083455065410369,0.06614431144222835,0.016222763993100915,Standing,Standing
83,0.0026828679059874025,0.08266976819266034,0.05496074009743345,0.8171119785473985,0.03021991509406733,0.012354730162453205,Standing,Standing
84,0.002487601070757583,0.023260616118291923,0.05926071426569953,0.8517402658776246,0.05764511350543051,0.005605689162195801,Standing,Standing
85,0.008131248160598402,0.4312964822749316,0.04891668083100236,0.14269828166159468,0.0022270302558179728,0.36673027681605497,Wheeling,Standing
86,0.002429173988089897,0.1048324675482999,0.026883540512834644,0.810850304937032,0.03361267759387719,0.021391835419866643,Standing,Standing
87,0.002603254298408152,0.07413744828326975,0.03841452360126609,0.8290405043694616,0.034380720627916375,0.02142354881967742,Standing,Standing
88,0.0025978487086520353,0.10428492720987735,0.03899257937553234,0.7790008738682745,0.046431382607526765,0.028692388230136565,Standing,Standing
89,0.00306653955990863,0.12303436837274659,0.07855650173062004,0.7346466950802706,0.036408234827121605,0.02428766042933251,Standing,Standing
90,0.0024076282441799343,0.11776850860338427,0.041441965088352545,0.7717856206207208,0.04386156487102061,0.022734712572341612,Standing,Standing
91,0.0048611517705960125,0.07768203027906316,0.07983507203621176,0.7705646655772508,0.015885476157069707,0.05117160417980831,Standing,Standing
92,0.002840860014134328,0.07441004078676683,0.06778053460414943,0.7779987536932638,0.05149063282159109,0.02547917808009444,Standing,Standing
93,0.003879656363112199,0.26373571299033405,0.09126210621092412,0.5556935488479366,0.03186171473160227,0.05356726085609088,Standing,Standing
94,0.0035961741591471925,0.16727803972133864,0.06556328890314607,0.6373218873004571,0.0805393190239921,0.04570129089191843,Standing,Standing
95,0.0025168594557593757,0.0797254687203579,0.05093709780800632,0.768739360828253,0.0786706715937417,0.019410541593881735,Standing,Standing
96,0.003951772410711478,0.16789015474693225,0.07095711966519573,0.6701277413799249,0.062062359962052074,0.02501085183518382,Standing,Standing
97,0.005423159152941206,0.2271829457552335,0.07886208619481858,0.5943434145712859,0.05656195623417032,0.0376264380915507,Standing,Standing
98,0.003653445254698508,0.08742652301076768,0.049078266117357536,0.8167184839441097,0.01762780165218955,0.025495480020877034,Standing,Standing
99,0.0036480643650791487,0.09213735707045916,0.0485976569467619,0.7450620484412577,0.057091832701886155,0.05346304047455564,Standing,Standing
100,0.00299829682539761,0.10895799455058522,0.1283091029535906,0.6733058776086941,0.049563568614995196,0.03686515944673771,Standing,Standing
101,0.004303201122647034,0.22780559770260309,0.11690587785267371,0.5705336997474806,0.03102567707468978,0.04942594649990509,Standing,Standing
102,0.00215046129620739,0.26852844024690203,0.001259352131178475,0.004268253082887092,0.002000289910523605,0.7217932033323011,Wheeling,Wheeling
103,0.0017448086896604434,0.4656968356923373,0.024948730487231893,0.009480301268060267,0.39448087835718215,0.10364844550552793,Sitting,Wheeling
104,0.0036410653370024574,0.34073347588342917,0.01775328058093234,0.005959449424876102,0.36526215567965287,0.2666505730941072,Sitting,Wheeling
105,0.002012066576817737,0.14229270189319507,0.003828824685842543,0.005911630830738172,0.008371906420845003,0.8375828695925615,Wheeling,Wheeling
106,0.0025095430271284244,0.32749762610877037,0.002329005013793631,0.005939359603817385,0.004770095772472152,0.6569543704740178,Wheeling,Wheeling
107,0.0022888769646044406,0.23150893982248,0.0037185956915851666,0.006396906715050375,0.005492990971945235,0.7505936898343349,Wheeling,Wheeling
108,0.003900339236901432,0.0574113987004285,0.005248611434657477,0.010221828003379977,0.022349027269765905,0.9008687953548666,Wheeling,Wheeling
109,0.0025316612787202805,0.06471528431039288,0.002906458871734868,0.005888593054433835,0.010150890912722081,0.9138071115719957,Wheeling,Wheeling
110,0.002546901436871911,0.05050270013810074,0.003894768379256206,0.005732860219448641,0.008445868137742306,0.92887690168858,Wheeling,Wheeling
111,0.002427029318474515,0.07802883669833792,0.0022416396990389076,0.004217990563090355,0.002388282568348528,0.9106962211527097,Wheeling,Wheeling
112,0.0035130448489739748,0.04459833052476036,0.0020628646393516413,0.0022732015489511067,0.0018658424012820566,0.9456867160366808,Wheeling,Wheeling
113,0.0034486501606021233,0.04400121647679298,0.0036323097486920457,0.003042787372448196,0.001945262953251135,0.9439297732882134,Wheeling,Wheeling
114,0.0035815896915029053,0.04284760807650604,0.0074419517160615005,0.00357845354876943,0.0034398861992854957,0.9391105107678746,Wheeling,Wheeling
115,0.00309897628763443,0.1944895953864239,0.0032673993486297933,0.005148709321998261,0.002463106397291087,0.7915322132580223,Wheeling,Wheeling
116,0.004244269548596859,0.18326700693082085,0.0025587284259830866,0.003772574579672743,0.002718598235892737,0.8034388222790335,Wheeling,Wheeling
117,0.003370507800181421,0.037831528656295625,0.00241781997817325,0.0028998361746986985,0.0022131924565177547,0.9512671149341332,Wheeling,Wheeling
118,0.003089174824849246,0.1442957550519186,0.0024952041570549225,0.0037727732592293564,0.0018096225353264885,0.8445374701716213,Wheeling,Wheeling
119,0.003059631855044301,0.1963084908546586,0.0022781447128745014,0.003834902445543332,0.0018417351127973769,0.7926770950190817,Wheeling,Wheeling
120,0.0035556964887366815,0.04962308634962295,0.0021749883770423944,0.002465402055741651,0.0015346087428545815,0.9406462179860019,Wheeling,Wheeling
121,0.0036502552442080425,0.03582826519710705,0.002596866128093217,0.0024036268673975087,0.004322208028909731,0.9511987785342845,Wheeling,Wheeling
122,0.0039631279323765495,0.026063665532367504,0.0029211483691780013,0.0018957530757640593,0.0015563215590285884,0.9635999835312854,Wheeling,Wheeling
123,0.004485894887394899,0.31261427759592786,0.003414089474854264,0.0019562389842040042,0.0006552948725246946,0.676874204185094,Wheeling,Wheeling
124,0.004628071033724618,0.04444244823720583,0.0031535211320443584,0.002616609209002066,0.004389958844505953,0.9407693915435172,Wheeling,Wheeling
125,0.004067727453178128,0.012730399213637552,0.0035961369203943994,0.0024101885696901928,0.002259019990869622,0.9749365278522301,Wheeling,Wheeling
126,0.003630663460913551,0.024856936678892397,0.0017945929510434628,0.00220489462861064,0.001996816459350083,0.9655160958211897,Wheeling,Wheeling
127,0.0027163366176468987,0.02134391000978751,0.003910447728009732,0.003093618113856629,0.0011057384566725427,0.9678299490740269,Wheeling,Wheeling
128,0.002571385811649748,0.039309062520753925,0.004105486854705379,0.0028323183429345327,0.0001742508639519426,0.9510074956060043,Wheeling,Wheeling
129,0.0031608626545798486,0.18219514854996197,0.0013444893472395543,0.003894514139119776,0.001359921929861371,0.8080450633792375,Wheeling,Wheeling
130,0.0034117024018829032,0.2125029522084426,0.0022223015201484437,0.004413824793003473,0.0007911861173699938,0.7766580329591524,Wheeling,Wheeling
131,0.004511431137513483,0.6424333327624085,0.001941988957973065,0.00245886902423292,0.0014553775051410521,0.34719900061273096,Sitting,Wheeling
132,0.0030487254948439093,0.48454631660359293,0.0014769451867760225,0.0019227063714305625,0.0012733025327183569,0.5077320038106382,Wheeling,Wheeling
133,0.0022157559256106444,0.09269854805895493,0.0018021381970546445,0.004017297738214899,0.0018058471425258004,0.8974604129376393,Wheeling,Wheeling
134,0.0020099677029640607,0.015569116796455484,0.42730664444796457,0.10844637275897344,0.4367686221087361,0.00989927618490611,Walking,Walking
135,0.0018592618097130597,0.014949927670331735,0.28794956782010084,0.17901290191364322,0.5096127319457742,0.0066156088404367985,Walking,Walking
136,0.0011849313028985727,0.00038245257944059856,0.25552734324143667,0.008742170887126555,0.7339456038835142,0.00021749810558351163,Walking,Walking
137,0.0015909444718732839,0.0037682025385427915,0.22816906270712586,0.015675040104369695,0.7471560326531591,0.0036407175249293347,Walking,Walking
138,0.0018587621855124129,0.024901094132501647,0.15433176784225183,0.09304273377987014,0.7100282091595872,0.015837432900276865,Walking,Walking
139,0.0019815282447655045,0.023635325984413487,0.14206957960567942,0.08096611915567,0.7381009382579795,0.013246508751491878,Walking,Walking
140,0.0018180941170305477,0.02636914513320828,0.1428403382251961,0.07261367277451618,0.7407929681998863,0.015565781550162472,Walking,Walking
141,0.0016490620437334836,0.013794894984208477,0.09584635163277233,0.02566229771948674,0.8504798825399456,0.012567511079853549,Walking,Walking
142,0.0024459914349776466,0.030487727504874097,0.19553627135631044,0.11602110954915759,0.6415009191408879,0.014007981013792064,Walking,Walking
143,0.0018189464364392483,0.02684175531019326,0.10049903750309552,0.050430264311464086,0.8017721849223698,0.01863781151643772,Walking,Walking
144,0.00182846460599218,0.014276796961362333,0.13773648195684698,0.05765609638559876,0.7810968173090732,0.007405342781126624,Walking,Walking
145,0.0014496321639149165,0.005065873346786996,0.13725266444522408,0.0262183157561428,0.8269900189284126,0.003023495359518567,Walking,Walking
146,0.0015999882370326857,0.015717993612450274,0.12301797129832424,0.038226444219774926,0.8121662975968109,0.009271305035606893,Walking,Walking
147,0.0014406211578134093,0.0025507503031656975,0.1557087780685044,0.011698344692751685,0.8267914067316346,0.0018100990461300892,Walking,Walking
148,0.002397827602523581,0.0327248891186337,0.09959471038264334,0.05639995246605651,0.7856502339174167,0.023232386512726192,Walking,Walking
149,0.0018695075408406597,0.010760743922063335,0.05799217559654066,0.009471319614616707,0.8954472132322244,0.024459040093713958,Walking,Walking
150,0.0019423337721418607,0.017078345138638124,0.10224108134205284,0.043129769807333344,0.8192117614920681,0.01639670844776623,Walking,Walking
151,0.0030499327209511234,0.0007056412393605674,0.9739634070356291,0.003822432594892744,0.0178638987432463,0.0005946876659200876,StairClimbing,Walking
152,0.0016077483592625364,0.004712075458665945,0.21549698464780234,0.05855240232777172,0.7166738565981641,0.002956932608333275,Walking,Walking
153,0.0013633965601231434,0.0068055803440971825,0.12923089748703842,0.03485104164254336,0.8227944556918262,0.00495462827437219,Walking,Walking
154,0.001576457897906547,0.0053923152588103715,0.26985890386583156,0.029519341574895865,0.6894605703074178,0.004192411095137957,Walking,Walking
155,0.0016684878945507368,0.005721384571288047,0.15395191008143203,0.016588087966306703,0.8169443614416204,0.005125768044802459,Walking,Walking
156,0.0012554118592002091,0.0017304213488799059,0.12026696735998474,0.011525216253382447,0.8642205320470708,0.0010014511314818115,Walking,Walking
157,0.0015295775903402147,0.005074954610842264,0.19421179182680448,0.01991960304024399,0.7756449230607944,0.003619149870974649,Walking,Walking
158,0.0010959321439689526,0.0016814585431275738,0.17363326724667769,0.021681893966891533,0.8012399389645971,0.0006675091347373566,Walking,Walking
159,0.0015370497503854495,0.002370669869626117,0.1886002907732607,0.0434801856373872,0.7626065985475905,0.0014052054217501217,Walking,Walking
160,0.001725771548943282,0.01259026072603814,0.11788814882896653,0.03189258421620111,0.825695634558669,0.010207600121181801,Walking,Walking
161,0.0014895737753500627,0.007548723343708944,0.10794613471494055,0.037153429081018534,0.8414139137044038,0.004448225380577935,Walking,Walking
162,0.001600961198478436,0.013855569553790194,0.0973198348289641,0.03760043704242745,0.8402984447952538,0.009324752581086207,Walking,Walking
163,0.0015325948838161153,0.0046924305002796,0.2172202422030847,0.06342514582430835,0.7104867034592901,0.0026428831292212127,Walking,Walking
164,0.0014130056223464313,0.0010312364774093918,0.21733352572245557,0.012131055809807799,0.7674405035171894,0.0006506728507913862,Walking,Walking
165,0.0015568255156947306,0.0003247511972463955,0.05147328073180567,0.0007681224352698684,0.9456866748856226,0.0001903452343605408,Walking,Walking
166,0.0008192167600057034,0.924088687242104,0.0035679044682022857,0.007168939617438957,0.017069671063301088,0.04728558084894808,Sitting,Sitting
167,0.002349217394501884,0.7960597928181772,0.02098300142039846,0.0857330916379339,0.05334280325649467,0.04153209347249383,Sitting,Sitting
168,0.001837621830644938,0.7011594754739313,0.024696937235447435,0.21570626598921933,0.021592401734364202,0.03500729773639266,Sitting,Sitting
169,0.0012548360648256358,0.7159513888160975,0.016250671056475992,0.22038107485619224,0.020130734742995655,0.0260312944634131,Sitting,Sitting
170,0.002125398029833589,0.6537518980138778,0.016369493816265974,0.2571099374147286,0.027621470332921047,0.04302180239237298,Sitting,Sitting
171,0.0004281424807923627,0.9444857520136153,0.013111714506624959,0.0263752238064841,0.0052563406458902605,0.010342826546593083,Sitting,Sitting
172,0.0002950965468126433,0.8844139707208278,0.006912991552041157,0.04266042934625225,0.005493628136248684,0.06022388369781776,Sitting,Sitting
173,0.0005671692358380684,0.9190319368963691,0.010331382008800427,0.03722474313979464,0.014724153216122547,0.018120615503075737,Sitting,Sitting
174,0.0006522467646226124,0.9348982489457907,0.010075990937077992,0.03588646676914267,0.0053505473921755895,0.013136499191190214,Sitting,Sitting
175,0.0007733280867482858,0.9227367170586646,0.006741967202620503,0.0470053571309075,0.00834351767396309,0.014399112847096102,Sitting,Sitting
176,0.000550091863794382,0.9490443786695625,0.010722843387274085,0.02503739771073585,0.00617076898684896,0.008474519381784465,Sitting,Sitting
177,0.0010843926220579145,0.9684623595487483,0.005873238069388218,0.016279243571874196,0.002247110376637845,0.006053655811293765,Sitting,Sitting
178,0.0003075773278297633,0.9554489285410723,0.001525195928552228,0.009657257078055962,0.007395203842444963,0.025665837282044683,Sitting,Sitting
179,0.0003075773278297633,0.9554489285410723,0.001525195928552228,0.009657257078055962,0.007395203842444963,0.025665837282044683,Sitting,Sitting
180,0.0003075773278297633,0.9554489285410723,0.001525195928552228,0.009657257078055962,0.007395203842444963,0.025665837282044683,Sitting,Sitting
181,0.0003075773278297633,0.9554489285410723,0.001525195928552228,0.009657257078055962,0.007395203842444963,0.025665837282044683,Sitting,Sitting
182,0.0003075773278297633,0.9554489285410723,0.001525195928552228,0.009657257078055962,0.007395203842444963,0.025665837282044683,Sitting,Sitting
183,0.0003075773278297633,0.9554489285410723,0.001525195928552228,0.009657257078055962,0.007395203842444963,0.025665837282044683,Sitting,Sitting
184,0.0003075773278297633,0.9554489285410723,0.001525195928552228,0.009657257078055962,0.007395203842444963,0.025665837282044683,Sitting,Sitting
185,0.0002911576377959511,0.9536513372617955,0.001480128584063568,0.010503934813794647,0.007386061213442541,0.026687380489107484,Sitting,Sitting
186,0.0002911576377959511,0.9536513372617955,0.001480128584063568,0.010503934813794647,0.007386061213442541,0.026687380489107484,Sitting,Sitting
187,0.000769115880048224,0.8417392270539662,0.01210104099300276,0.08405020902452791,0.011406499952606584,0.0499339070958483,Sitting,Sitting
188,0.00030643336374721567,0.9490120912375467,0.004774137779629611,0.0125353481566263,0.013835923757612901,0.019536065704837215,Sitting,Sitting
189,0.0003772130766706107,0.9309019281038807,0.006216623559619152,0.02343861198283352,0.012543728146958762,0.026521895130036922,Sitting,Sitting
190,0.0005206739468811679,0.9426904318346877,0.008543407377290252,0.0343998873896663,0.0029227316594130537,0.010922867792061723,Sitting,Sitting
191,0.0006459688660514785,0.942367888117748,0.00924687636647176,0.0318349664519277,0.006070876397367987,0.009833423800432896,Sitting,Sitting
192,0.0003066774352697889,0.9309298168602873,0.004019351803406766,0.014321647702331944,0.009908567831250204,0.04051393836745398,Sitting,Sitting
193,0.00019884904605466385,0.9737104963792708,0.001863872099726379,0.0040108950579485405,0.0029015988907139557,0.01731428852628587,Sitting,Sitting
194,0.00045521503601857964,0.9713140600028342,0.0040576287553398035,0.006450948498655005,0.00916766915226712,0.008554478554885163,Sitting,Sitting
195,0.0006517199532992693,0.9101100647656483,0.00784263097556098,0.05179199969211097,0.01764251791712435,0.011961066696256174,Sitting,Sitting
196,0.0003354168382056855,0.9300112560393353,0.0071937174882596095,0.027442774757757398,0.010472583154102107,0.024544251722339486,Sitting,Sitting
197,0.0002562552371560171,0.960499846500023,0.0026734150512493855,0.00601840287185881,0.006295381419758279,0.024256698919954738,Sitting,Sitting
198,0.0005688242832972563,0.8942287078592974,0.014551865195433432,0.04208906017796956,0.014457913105321796,0.03410362937868075,Sitting,Sitting
199,0.0004977346118218864,0.9475021010351605,0.006456566375689242,0.024740724755320607,0.009395158493797729,0.011407714728210004,Sitting,Sitting
200,0.01343555485608224,0.21289842614937748,0.07544799839004639,0.15377657176681883,0.4872932744072374,0.05714817443043737,Walking,Wheeling
201,0.000693336600435559,0.8424142566945527,0.004322917166695478,0.004179572846924567,0.01059927136792012,0.13779064532347157,Sitting,Wheeling
202,0.0011690351627081821,0.510750244514488,0.006445980989177841,0.027261816468125134,0.004871954871693978,0.44950096799380673,Wheeling,Wheeling
203,0.0012126315673082646,0.18454506957989747,0.006723480020942227,0.014493527113642093,0.014823916885566427,0.7782013748326435,Wheeling,Wheeling
204,0.0014066016649250158,0.36864270452133957,0.0034235319514552835,0.007080791872710037,0.010556588088821843,0.6088897819007485,Wheeling,Wheeling
205,0.001266134871622289,0.1296570660495661,0.0037782968266946784,0.004052931631037313,0.008441930404300517,0.852803640216779,Wheeling,Wheeling
206,0.001070848055364636,0.1881148319486858,0.003518955224174361,0.00874350702126605,0.00769402466389114,0.7908578330866181,Wheeling,Wheeling
207,0.0013387355602432732,0.4079017702760611,0.003999248194365418,0.006817702846983708,0.003328226901539419,0.5766143162208069,Wheeling,Wheeling
208,0.001457775102543298,0.2821267969634462,0.003455043209140825,0.004024593231676851,0.004326862380350084,0.7046089291128428,Wheeling,Wheeling
209,0.0008605367158707576,0.04835320004245447,0.005541698126669673,0.005313424203762939,0.0023551769737933685,0.9375759639374486,Wheeling,Wheeling
210,0.0011366490914010963,0.1963077345091197,0.0025007444357912694,0.004170792523657539,0.005154696271757721,0.7907293831682731,Wheeling,Wheeling
211,0.0012260470594005585,0.12663680984802256,0.0032684733918314983,0.005255551241197512,0.00913529468540536,0.854477823774143,Wheeling,Wheeling
212,0.0012240190326771381,0.08098579146934533,0.004224077168505031,0.00556670399932741,0.009801795991821748,0.8981976123383233,Wheeling,Wheeling
213,0.001202909358913794,0.09964848702545927,0.003549150346539105,0.0043527491377606245,0.00940525013130382,0.8818414540000233,Wheeling,Wheeling
214,0.0012828084358167046,0.09435275178692785,0.004514179287521983,0.004299861450508208,0.009136018359983171,0.886414380679242,Wheeling,Wheeling
215,0.00125409020625674,0.11723406633707381,0.0028197167509486747,0.003838109662153675,0.006920671832782554,0.8679333452107844,Wheeling,Wheeling
216,0.0011800406878781442,0.22059566910214365,0.00324938652791271,0.005494985790380058,0.006440176440793508,0.7630397414508918,Wheeling,Wheeling
217,0.0019614524431048426,0.11567538024752905,0.0030952210761214433,0.005629225924512138,0.004437953810426572,0.8692007664983058,Wheeling,Wheeling
218,0.0011428700382229348,0.2342435369736955,0.0022580930760171115,0.00478144291449833,0.004790764516210954,0.752783292481355,Wheeling,Wheeling
219,0.001340299281808973,0.3950142976313609,0.0028961303274675624,0.006172894083756205,0.006957559712094639,0.5876188189635114,Wheeling,Wheeling
220,0.001585368399801302,0.23386884288685028,0.0019001995465785966,0.004113522970094837,0.0053282003303488186,0.7532038658663259,Wheeling,Wheeling
221,0.0010977488848905848,0.1798489025228046,0.004396836496499815,0.010080761544440925,0.009341081227517332,0.7952346693238469,Wheeling,Wheeling
222,0.0009983226760632183,0.20193062900211808,0.0024065014413168348,0.004483125011465748,0.00315111585689866,0.7870303060121372,Wheeling,Wheeling
223,0.0011201316176884077,0.06545137700746415,0.0037684848571078694,0.003993867657466153,0.005778946722670315,0.9198871921376031,Wheeling,Wheeling
224,0.001626212388375137,0.1361555188641018,0.0037856820033545374,0.003513984552512556,0.008054543504527268,0.8468640586871284,Wheeling,Wheeling
225,0.0013322555623682072,0.024413055344294884,0.0022566388543767326,0.002153966200980528,0.0035301588961076666,0.9663139251418719,Wheeling,Wheeling
226,0.0013493737817482769,0.06202371799118911,0.002451743627528927,0.0021227558452625857,0.0022297711234992713,0.9298226376307723,Wheeling,Wheeling
227,0.0017111686202984908,0.3515711416972562,0.0029336799643280165,0.004217440945048705,0.0029134869427773383,0.6366530818302915,Wheeling,Wheeling
228,0.001027620290549925,0.12659071743379546,0.00277550949377985,0.004391240152710264,0.0028088198765278934,0.8624060927526367,Wheeling,Wheeling
229,0.0014266831400381037,0.3871887031538878,0.0031560312825187993,0.004008730814662844,0.003126952434523512,0.6010928991743687,Wheeling,Wheeling
230,0.0010184841149674891,0.18028573261006592,0.0018099898704468061,0.0038838899676882106,0.0026917741041500988,0.8103101293326815,Wheeling,Wheeling
231,0.002067230779733576,0.5037293078905297,0.0015506083179004997,0.003025516236714667,0.0032530725778343143,0.4863742641972871,Wheeling,Wheeling
232,0.0011461379586544273,0.5603849124803187,0.0014726612824166243,0.003398405855992419,0.0019217611796530135,0.43167612124296495,Sitting,Wheeling
233,0.0013209878065502283,0.20671894990537126,0.0013683107645721876,0.0033827731134216414,0.0028412192379072584,0.7843677591721778,Wheeling,Wheeling
234,0.0011050318323720912,0.20007728086113946,0.001449085745382738,0.00365715941976949,0.0026554308172323333,0.791056011324104,Wheeling,Wheeling
235,0.0016236000877748742,0.02652767619214569,0.008337642686445863,0.0037945369468687217,0.008943199919778143,0.9507733441669867,Wheeling,Wheeling
236,0.0010221682115983102,0.1196820717781344,0.002197209589914836,0.002908112846197821,0.002628456538711601,0.8715619810354431,Wheeling,Wheeling
237,0.0008747713402698437,0.10523480784657002,0.001751963136348691,0.0036842973749746056,0.0023930739681866185,0.8860610863336503,Wheeling,Wheeling
238,0.00129492063724772,0.5039346826850103,0.0020372604779510376,0.0015115505486666657,0.0005192671225853563,0.490702318528539,Wheeling,Wheeling
239,0.0015351704037566318,0.2240521365896461,0.0020265116044911546,0.002765767064230012,0.003969671317682089,0.7656507430201939,Wheeling,Wheeling
240,0.9410072683799089,0.025401307529953673,0.005500554097490209,0.0027745039341136733,0.010570573933533245,0.014745792125000623,Lying,Lying
241,0.9805691474083847,0.0021761217694729286,0.002362975996511401,0.0036230318684870614,0.0024268113963624442,0.008841911560781124,Lying,Lying
242,0.9870167689357885,0.0025385679988259705,0.001915902267017266,0.002352885070480795,0.0010268766426720268,0.005148999085215378,Lying,Lying
243,0.9767111249808696,0.006035809329470724,0.002138361486396854,0.0030966934619878527,0.0023252983952606818,0.009692712346014222,Lying,Lying
244,0.9826036269688059,0.0034938044318533956,0.0020892637378592035,0.002922785244433035,0.0018103424596111917,0.007080177157437465,Lying,Lying
245,0.9807930987929883,0.0037425767091535545,0.002059953343907493,0.0030635190233185153,0.002215327609777875,0.008125524520854329,Lying,Lying
246,0.9822665386613282,0.0031409209047443334,0.0020335715536294696,0.0030068805209378423,0.0021868271026471995,0.0073652612567126925,Lying,Lying
247,0.9686735851918359,0.011891233262265738,0.0023234129894481224,0.0033570950779582076,0.0028861986653063226,0.010868474813185728,Lying,Lying
248,0.9686735851918359,0.011891233262265738,0.0023234129894481224,0.0033570950779582076,0.0028861986653063226,0.010868474813185728,Lying,Lying
249,0.9686735851918359,0.011891233262265738,0.0023234129894481224,0.0033570950779582076,0.0028861986653063226,0.010868474813185728,Lying,Lying
250,0.9686735851918359,0.011891233262265738,0.0023234129894481224,0.0033570950779582076,0.0028861986653063226,0.010868474813185728,Lying,Lying
251,0.9686735851918359,0.011891233262265738,0.0023234129894481224,0.0033570950779582076,0.0028861986653063226,0.010868474813185728,Lying,Lying
252,0.9686735851918359,0.011891233262265738,0.0023234129894481224,0.0033570950779582076,0.0028861986653063226,0.010868474813185728,Lying,Lying
253,0.9686735851918359,0.011891233262265738,0.0023234129894481224,0.0033570950779582076,0.0028861986653063226,0.010868474813185728,Lying,Lying
254,0.9686735851918359,0.011891233262265738,0.0023234129894481224,0.0033570950779582076,0.0028861986653063226,0.010868474813185728,Lying,Lying
255,0.9686735851918359,0.011891233262265738,0.0023234129894481224,0.0033570950779582076,0.0028861986653063226,0.010868474813185728,Lying,Lying
256,0.9686735851918359,0.011891233262265738,0.0023234129894481224,0.0033570950779582076,0.0028861986653063226,0.010868474813185728,Lying,Lying
257,0.9686735851918359,0.011891233262265738,0.0023234129894481224,0.0033570950779582076,0.0028861986653063226,0.010868474813185728,Lying,Lying
258,0.9686735851918359,0.011891233262265738,0.0023234129894481224,0.0033570950779582076,0.0028861986653063226,0.010868474813185728,Lying,Lying
259,0.9717285371762631,0.011507343305360296,0.0018795322679960173,0.0027357988607994224,0.002302269790905255,0.009846518598675878,Lying,Lying
260,0.9717285371762631,0.011507343305360296,0.0018795322679960173,0.0027357988607994224,0.002302269790905255,0.009846518598675878,Lying,Lying
261,0.0020760285375113776,0.0008633468123850639,0.5833361565160501,0.012317791602983227,0.40039676036288696,0.0010099161681829548,StairClimbing,Standing
262,0.0022690923778998025,0.014557526498595635,0.089165854360129,0.8624431897665613,0.027796521931258374,0.0037678150655557764,Standing,Standing
263,0.002071573986286652,0.02119315927253501,0.15460110462875143,0.7727662752416662,0.04426814219570446,0.005099744675056216,Standing,Standing
264,0.0023207589152699796,0.04148342807789333,0.059990535479701436,0.8268275136270025,0.059965844280101654,0.009411919620031227,Standing,Standing
265,0.002681550579655948,0.06856980263848118,0.047796749126201236,0.8479368613489551,0.021933477526026517,0.01108155878067986,Standing,Standing
266,0.0024304495776620895,0.04608309829399745,0.0820633094701458,0.8428431438819723,0.018195779395221753,0.008384219381000726,Standing,Standing
267,0.0026661079285402226,0.05842743008233332,0.06631944744410037,0.8359323494039177,0.023251562525573987,0.013403102615535008,Standing,Standing
268,0.0024804046280449406,0.01736557368145645,0.04971845292424889,0.8032489528789515,0.11682570678940467,0.010360909097893235,Standing,Standing
269,0.002854640858273908,0.04867271223652525,0.04407827668482518,0.7738892394941015,0.10874406257635093,0.021761068149923665,Standing,Standing
270,0.002320424630245389,0.07127838931809453,0.052974291115322425,0.7804154380837653,0.07728877813329393,0.015722678719278408,Standing,Standing
271,0.0023756747257365866,0.04164928014939532,0.07100596008271476,0.8591092230041986,0.019235197558128213,0.0066246644798262765,Standing,Standing
272,0.002388761566598946,0.026073600866282586,0.020990235800486673,0.922141526137677,0.016866453517336257,0.011539422111618505,Standing,Standing
273,0.0023300084961080745,0.03564368946748774,0.059787319261879295,0.8722971422634893,0.02431874817579592,0.0056230923352399665,Standing,Standing
274,0.002186539195278054,0.016781278483005282,0.034535865123769834,0.9235891713253878,0.017637341251253366,0.005269804621306115,Standing,Standing
275,0.002182044973448615,0.018993840595648785,0.01928478271625974,0.9495278218612172,0.006316604699158977,0.0036949051542667878,Standing,Standing
276,0.002699104901876364,0.04023929491207315,0.07396026493391358,0.808932823888829,0.06917794504446198,0.0049905663188457355,Standing,Standing
277,0.0015607174635429532,0.0030880162614474486,0.059380918407141575,0.0053841903716372085,0.9262488816081578,0.004337275888072703,Walking,Walking
