,0,1,2,3,4,5,modelStates,target
0,0.9434477976590632,0.021232317849083103,0.004272496303448773,0.006424884254747921,0.005137909392078232,0.01948459454157858,Lying,Lying
1,0.9579705670642115,0.012583136890232464,0.003177994551619289,0.004647797211377979,0.003540010448695576,0.01808049383386339,Lying,Lying
2,0.9679155143383374,0.00778887806307958,0.003169233835036517,0.004246951348347021,0.0032869053737869087,0.013592517041412488,Lying,Lying
3,0.9802070342649266,0.006765358396877418,0.0019166687262432871,0.0026212299543768355,0.0018781919877807827,0.006611516669795107,Lying,Lying
4,0.9752483559092537,0.009990833499020557,0.002382277771526657,0.0034263771100015938,0.0023109789330642513,0.00664117677713338,Lying,Lying
5,0.9673754718034743,0.012398009353588053,0.0027405556423796473,0.0037412535239482883,0.002707158302315226,0.01103755137429451,Lying,Lying
6,0.9626336467887443,0.015005685908237552,0.0031662818051694285,0.004358743483613384,0.0031900782261446246,0.011645563788090679,Lying,Lying
7,0.9719105769292228,0.008778387339384824,0.0030919188744511997,0.003366882402612158,0.0018962509548941307,0.010955983499434663,Lying,Lying
8,0.9681310879961909,0.01414353646908965,0.0025427490790941813,0.0037044913074352295,0.002490330983952644,0.00898780416423714,Lying,Lying
9,0.9449572204569116,0.018248353407016502,0.004209408462396339,0.005619623483358921,0.004262158774038047,0.022703235416278802,Lying,Lying
10,0.9560359086816768,0.01411901943520187,0.003827161681545452,0.004763838394377672,0.003204001806272371,0.018050070000925903,Lying,Lying
11,0.9770435145083392,0.0066884636861315365,0.0025504783354484166,0.0029437136535434665,0.0016721283280451027,0.00910170148849209,Lying,Lying
12,0.9669280928243362,0.01339706013875497,0.0030693087628283103,0.00455949075876709,0.0032054193840489005,0.008840628131264341,Lying,Lying
13,0.9529937759263772,0.01830132643972243,0.0036514222744515124,0.005448895360023651,0.00418191002404336,0.015422669975382008,Lying,Lying
14,0.9716988265056724,0.009794663750897561,0.003372163359347088,0.004249009418410954,0.0028495612499043455,0.008035775715767537,Lying,Lying
15,0.9586517491156792,0.014437358947082446,0.0036214853592017007,0.0048176968457686485,0.0035274533392732157,0.014944256392994577,Lying,Lying
16,0.9695584307917609,0.007367703643651682,0.0031376070258099437,0.004344584728430887,0.003212209480484762,0.012379464329861988,Lying,Lying
17,0.001236284175606648,0.009336106783907215,0.014143003141574058,0.086484131714121,0.043239665873421713,0.8455608083113694,Wheeling,Sitting
18,0.0013372959381714512,0.02638496128930058,0.00527709802256536,0.08418158200647542,0.008103083863292917,0.8747159788801945,Wheeling,Sitting
19,0.0016328135032281665,0.0067154395307794925,0.018680515563699995,0.05811948356655218,0.04020490279639901,0.8746468450393412,Wheeling,Sitting
20,0.0034281522716272396,0.0261970797099075,0.028424129933120417,0.03026536206756217,0.06287427276229722,0.8488110032554851,Wheeling,Sitting
21,0.0017139583055748116,0.1705739562413688,0.005517436661372075,0.006348145606723614,0.008174956098564652,0.807671547086396,Wheeling,Sitting
22,0.01820713198466214,0.1687648833245411,0.06535033103822052,0.3521856785021485,0.12604014536084845,0.2694518297895792,Sitting,Sitting
23,0.0038857091295594454,0.07327496625509328,0.010642397491634687,0.14809493814963076,0.02034578430602561,0.7437562046680564,Wheeling,Sitting
24,0.0012819674802440615,0.22236263485501795,0.005217851546443175,0.058193074429457065,0.007710235269556917,0.7052342364192811,Wheeling,Sitting
25,0.002948008755246078,0.8176510181786187,0.01628626033102799,0.04011360357338172,0.013013800978162935,0.10998730818356257,Sitting,Sitting
26,0.0015635348028766006,0.2896636915997463,0.006577060750406663,0.03974595958476303,0.007598565767451699,0.6548511874947558,Wheeling,Sitting
27,0.0052006790551172005,0.6299525015199323,0.043392126316243895,0.08664406487736158,0.043790642220530224,0.19101998601081494,Sitting,Sitting
28,0.0018046117953419891,0.41511498503530997,0.0027814784719933307,0.005296627913526817,0.005760120704667117,0.5692421760791612,Wheeling,Sitting
29,0.002078614967484629,0.5485667161212096,0.0034468945066686812,0.004272864736451099,0.005573587080051014,0.4360613225881347,Wheeling,Sitting
30,0.0018728405995830349,0.429711208709665,0.0009820767438412322,0.001973226289110109,0.00137241102103974,0.5640882366367611,Wheeling,Sitting
31,0.0018263848144159248,0.5530624043480616,0.0035402454872956925,0.007401652021033076,0.003787652970173564,0.43038166035902026,Wheeling,Sitting
32,0.0014963150424080211,0.3396613571291577,0.00518208472645394,0.01592748028469808,0.009960265117552419,0.6277724976997299,Wheeling,Sitting
33,0.002333780113816931,0.7471662775190593,0.009444536492463922,0.019154174877994513,0.009902135073326932,0.21199909592333846,Sitting,Sitting
34,0.0027409410947098083,0.46528742579535515,0.013139579081225577,0.09976790882375335,0.016189291667567704,0.4028748535373884,Wheeling,Sitting
35,0.0024730033778641073,0.44616149911583763,0.010853448466696381,0.11664453154942454,0.013196223040792576,0.41067129444938505,Wheeling,Sitting
36,0.009039749336299899,0.7368314972629468,0.03449087021070253,0.1262396348644557,0.033902764898756224,0.05949548342683872,Sitting,Sitting
37,0.004286159185914051,0.0075167678952587375,0.07984531522853314,0.17219393686470844,0.29410416257822436,0.44205365824736126,Wheeling,Sitting
38,0.0022437578515136832,0.010440136399973456,0.285297298102595,0.0630427232550906,0.6255694022935494,0.01340668209727757,Walking,Standing
39,0.00182182100082354,0.0003678829316300347,0.8408528218086928,0.005410573218273009,0.1508188406320805,0.0007280604085000409,StairClimbing,Standing
40,0.005444110133242021,0.005782272559384924,0.4009620299876274,0.46209669654976515,0.11863199715724307,0.007082893612737852,StairClimbing,Standing
41,0.0022896175189189598,0.008290629707555888,0.05339521623276963,0.8926497841220842,0.034699480887065766,0.008675271531605685,Standing,Standing
42,0.0019663064661215807,0.0048921407776829915,0.0437973627457968,0.8876013156261665,0.04654899559648493,0.015193878787747674,Standing,Standing
43,0.001978237037717338,0.004911841364670858,0.026140991551260095,0.9103664495421175,0.04418687581651473,0.012415604687719618,Standing,Standing
44,0.0020823078393571114,0.010735792690450222,0.028300452580875334,0.9129520597494196,0.0324795241594616,0.013449862980436007,Standing,Standing
45,0.001991397268034544,0.011903406847787616,0.03612159214809563,0.911855568931048,0.02380385634184699,0.014324178463186957,Standing,Standing
46,0.002343621964456926,0.014328118865503397,0.040832810367714086,0.901717456853245,0.02416466572351602,0.016613326225564377,Standing,Standing
47,0.0019097327213651596,0.0057896245567798784,0.05054331018556471,0.9089149108652367,0.027476453736905798,0.005365967934147683,Standing,Standing
48,0.0019415521863385692,0.006883297174522284,0.03303917556338844,0.9091665033171419,0.03541640046876003,0.013553071289848782,Standing,Standing
49,0.00266641052294274,0.035392554416763755,0.046586771009437346,0.8704252384087624,0.029179450505011445,0.015749575137082635,Standing,Standing
50,0.002052922737928111,0.00749719935493287,0.027390920552098134,0.9085631382902176,0.030172849792722892,0.02432296927210052,Standing,Standing
51,0.0025530296072848197,0.021020038893737925,0.02338163171848739,0.8707038763019079,0.03239061484830936,0.049950808630272785,Standing,Standing
52,0.0027615363148251458,0.07605667454876645,0.024622384591775365,0.8290752358395934,0.024065526655177905,0.0434186420498616,Standing,Standing
53,0.0026672787866297725,0.024906580779934264,0.023343802528733786,0.8263263921926101,0.040306739104403695,0.08244920660768844,Standing,Standing
54,0.0026960886308017183,0.03874179705448236,0.022073986818869615,0.8006320265788525,0.03033424248931395,0.10552185842767997,Standing,Standing
55,0.0025455879636951725,0.028827160189478344,0.027157804906401125,0.8413112760496001,0.03176684454394527,0.06839132634687976,Standing,Standing
56,0.0025458298515475468,0.02077886309578551,0.0249064978697408,0.8844885761013321,0.029892660166214193,0.037387572915380356,Standing,Standing
57,0.0026517924603450998,0.035851045084212704,0.03467029332026064,0.8879827466070596,0.02258469926223859,0.016259423265883314,Standing,Standing
58,0.0024753039512795884,0.03063302580851414,0.02703857324767291,0.8617896033430562,0.03294755841243408,0.045115935237043076,Standing,Standing
59,0.00261942877379678,0.031076024370258377,0.02859245959939649,0.888988554664981,0.026567608016917203,0.022155924574650057,Standing,Standing
60,0.005411394544581983,0.010975259565587248,0.047658181644669985,0.8173643817230338,0.040278808819530464,0.07831197370259631,Standing,Standing
61,0.002697083650514765,0.008758048809149375,0.0649538038576618,0.8401006394526885,0.07171046563717237,0.01177995859281305,Standing,Standing
62,0.0021587717955593895,0.011790825217534584,0.04261360019688192,0.857888846833887,0.0586668807553836,0.026881075200753154,Standing,Standing
63,0.0018045377130169492,0.002489745195916924,0.13929090033647856,0.7311539425360749,0.11861703462827286,0.006643839590239889,Standing,Standing
64,0.0037670582241364305,0.004509362303065884,0.8704859969230924,0.11223697615939128,0.008873256827361566,0.00012734956295224143,StairClimbing,Standing
65,0.0019441176805236823,0.0063207970301778875,0.24114562364789977,0.5320260463082597,0.20153845681752366,0.01702495851561551,Standing,Standing
66,0.0011987915885923381,0.0008920723513396887,0.19294554320119228,0.04912103337550891,0.7507909650762872,0.005051594407079771,Walking,Standing
67,0.0012028971674419987,0.0010698817477935356,0.1074085954111133,0.015512650446087115,0.8723597023217726,0.002446272905791372,Walking,Standing
68,0.0014521428385381946,0.0018394881314090562,0.2018569040575953,0.0738550325221035,0.7200355020665649,0.0009609303837887808,Walking,Standing
69,0.002101093311887992,0.0008453721891081112,0.7810642513971485,0.028327341435295965,0.1869402798040051,0.0007216618625541547,StairClimbing,Standing
70,0.0014950430202480952,0.0018329222225032795,0.49671131705768945,0.048664909683699284,0.44939284602047497,0.0019029619953851635,StairClimbing,Standing
71,0.0029772710659637536,0.0013453628946448355,0.899415134042599,0.06500383583649424,0.029433151127531105,0.0018252450327668377,StairClimbing,Standing
72,0.0012333698382302773,0.001104331591067412,0.11382828747724835,0.01487153081750171,0.8631281422499593,0.005834338025992759,Walking,Standing
73,0.0019003427806771201,0.23594720140848527,0.0013083741158728848,0.001651575633853748,0.0011292209850114034,0.7580632850760994,Wheeling,Wheeling
74,0.0032072878190127795,0.10748025056954544,0.03640206186410793,0.3921348932605506,0.1135036731594708,0.3472718333273125,Standing,Wheeling
75,0.0062400118495659,0.047349362098489674,0.17700775915020622,0.3131389045881877,0.39734417905807323,0.05891978325547736,Walking,Wheeling
76,0.0024826527875505097,0.11903624322972482,0.00317070015902994,0.0015609193704768382,0.00408918307192859,0.8696603013812892,Wheeling,Wheeling
77,0.0016067998772647636,0.3622695829128269,0.0018782344301170094,0.0014004793121485393,0.0019077161852807314,0.6309371872823623,Wheeling,Wheeling
78,0.002173429458538326,0.41503780325042683,0.0008699694494576613,0.0004473799459348291,0.0006320284392492905,0.5808393894563934,Wheeling,Wheeling
79,0.0021549936728292533,0.27953690777886375,0.0012144934842122145,0.000619639557146516,0.0008286933246526247,0.7156452721822958,Wheeling,Wheeling
80,0.0015124359603015793,0.22253347408364713,0.0033236908793283196,0.0037893847051847407,0.0031825808122162374,0.7656584335593221,Wheeling,Wheeling
81,0.0017517163455097458,0.33559809040045363,0.0011145217356079364,0.0015107646843086735,0.0007777146196353596,0.6592471922144847,Wheeling,Wheeling
82,0.003896218834462297,0.3617447197837449,0.0009429117594907766,0.0007696640337896232,0.0007166561096996681,0.6319298294788125,Wheeling,Wheeling
83,0.0035980727068326782,0.48010915312182845,0.0011929208208201196,0.0008924721798853041,0.0006713801360460254,0.5135360010345872,Wheeling,Wheeling
84,0.0020917629983927474,0.35738683712857217,0.0019755038664454696,0.0009352257775247797,0.001272762815618564,0.6363379074134463,Wheeling,Wheeling
85,0.0016685635681517289,0.4977091841397101,0.0017619191756980037,0.001456748289550376,0.0019350510264142837,0.49546853380047545,Wheeling,Wheeling
86,0.0016090524727826207,0.3049397114327658,0.0021877796862394576,0.001593229545656429,0.0013550285586397494,0.6883151983039157,Wheeling,Wheeling
87,0.002759701699164856,0.18671995950123374,0.0009418132717534004,0.0005562849128747453,0.0008641939246520104,0.808158046690321,Wheeling,Wheeling
88,0.002730758343783374,0.18464081811658936,0.0007347766820014639,0.0004525455131528348,0.0004556006773119049,0.8109855006671611,Wheeling,Wheeling
89,0.0017615778635641558,0.45496601317249125,0.0010663116037432268,0.0010619120468595064,0.0007512787859433556,0.5403929065273981,Wheeling,Wheeling
90,0.0021925598775778842,0.4473187554372614,0.00047213556886306775,0.00036408139406156494,0.0002817713870026413,0.5493706963352338,Wheeling,Wheeling
91,0.0016337984065236072,0.25872662567390314,0.0023015340961463266,0.003114647562871846,0.0017024544956680343,0.7325209397648873,Wheeling,Wheeling
92,0.0020905917974397654,0.13833907223622147,0.0017185446312107779,0.0019864564676207916,0.0021780561581309396,0.8536872787093762,Wheeling,Wheeling
93,0.0017833734360075944,0.3601136138849956,0.0021243047859355146,0.0020858206992194917,0.0031800351698605266,0.6307128520239811,Wheeling,Wheeling
94,0.0027076830061485402,0.4640630034139532,0.0012058983512367365,0.0004607837084041706,0.0007371628408918213,0.5308254686793655,Wheeling,Wheeling
95,0.002396968305786307,0.3974740998031627,0.000933334514507428,0.0005546359070368477,0.0007144202923514506,0.5979265411771553,Wheeling,Wheeling
96,0.002464601674748705,0.19646257358956634,0.0008937608651677877,0.00045777216280723114,0.0009631306754850634,0.7987581610322251,Wheeling,Wheeling
97,0.0023001505180462413,0.2946419122277643,0.0013001339500442518,0.0006135453346029978,0.0008610700970911871,0.7002831878724511,Wheeling,Wheeling
98,0.002302788719744423,0.18881997855620125,0.0016998266441305922,0.0010640684358639591,0.0016649623979743296,0.8044483752460855,Wheeling,Wheeling
99,0.0016728664790110457,0.1529447298896067,0.006849771390060481,0.02250668484510656,0.009168109129809424,0.8068578382664057,Wheeling,Wheeling
100,0.002768544662647049,0.1606125227702343,0.0005175946468974464,0.00047141964020662105,0.00035298290099096863,0.8352769353790238,Wheeling,Wheeling
101,0.0028014659961493986,0.26426929555258644,0.0008710686963924913,0.0004948232900312798,0.0007495811938690731,0.7308137652709711,Wheeling,Wheeling
102,0.0020753940789451663,0.24965691560867703,0.0008726087537224909,0.0007564812243690402,0.0006527133534273065,0.7459858869808589,Wheeling,Wheeling
103,0.0018417122238582136,0.4107483347500277,0.002133438168988252,0.0011637586250351328,0.002383858608546394,0.5817288976235444,Wheeling,Wheeling
104,0.0019721014423318734,0.26918726943395777,0.0015050862157543405,0.0011112566225863773,0.0014573588245466356,0.7247669274608229,Wheeling,Wheeling
105,0.0014875259046692117,0.25940718371269766,0.0005203227571852359,0.0010263111103139574,0.0001651710698107104,0.7373934854453231,Wheeling,Wheeling
106,0.0020820211905202848,0.428622836614495,0.0012276349260951745,0.0008506028833556425,0.0021928158203965193,0.5650240885651372,Wheeling,Wheeling
107,0.0013121988808999347,0.32650165636718803,0.0013984376822938494,0.0026958317965722588,0.0007347518172698995,0.6673571234557762,Wheeling,Wheeling
108,0.0022290448173169163,0.26917539561450166,0.0008259592864583177,0.000491360906649835,0.0004252765000404673,0.7268529628750326,Wheeling,Wheeling
109,0.018892251133763742,0.15136316436900796,0.05846071967318754,0.19189772152318824,0.14487689020413996,0.43450925309671257,Wheeling,Wheeling
110,0.01758235983722193,0.1167740161505662,0.0450413640628125,0.15428862532136267,0.3138926348272359,0.3524209998008008,Walking,Wheeling
111,0.003367527725975156,0.33753904330905254,0.0004703039130891976,0.0002942937141680033,0.00029397677964749765,0.6580348545580674,Wheeling,Wheeling
112,0.0032143758506803727,0.3521437512954258,0.018962662361515486,0.10835663649487702,0.04011492551941931,0.47720764847808234,Wheeling,Wheeling
113,0.0016080347742218207,0.43220279782082066,0.010279063767313015,0.03453552327521534,0.014010647565075847,0.5073639327973533,Wheeling,Wheeling
114,0.0017947700105153733,0.039924902380359895,0.1268451084661419,0.647570190706111,0.15674540707534343,0.027119621361528505,Standing,Wheeling
115,0.0018868754294173852,0.48526163051372945,0.007387128350421919,0.0059412074354962974,0.00749064036606555,0.4920325179048693,Wheeling,Wheeling
116,0.004599584714665022,0.4758977681890221,0.019801719702120704,0.03714120555907913,0.02724605060393138,0.4353136712311815,Sitting,Wheeling
117,0.0022765516739621226,0.14052956287369328,0.00406725174475562,0.0026999845587856695,0.0031309356899211845,0.8472957134588822,Wheeling,Wheeling
118,0.00318424673844113,0.012851969552797536,0.03359425459335042,0.022703367719923713,0.013301496572613845,0.9143646648228734,Wheeling,Wheeling
119,0.002649706993684708,0.0014483236560640697,0.5261380221892853,0.41400725409494377,0.041880401185732254,0.013876291880289923,StairClimbing,Walking
120,0.0020954683926595794,0.029359270822672413,0.04357603880720263,0.8521572553864033,0.03224611083212262,0.04056585575893967,Standing,Walking
121,0.0025249257125593482,0.01716147566095936,0.09921354658050596,0.680418259108119,0.17974735667708966,0.020934436260766607,Standing,Walking
122,0.0019305750338171309,0.0027728335051223317,0.3687120198308237,0.24785557810697825,0.3710080522770247,0.007720941246234046,Walking,Walking
123,0.0013792590841004856,0.001012811960325084,0.18146919500484132,0.04906685008340357,0.7649999714395536,0.002071912427775688,Walking,Walking
124,0.0013271034499507393,0.0014926394558166898,0.1081541800737502,0.023232113536035902,0.8631404723083318,0.0026534911761146003,Walking,Walking
125,0.0013404671614006642,0.0023524310201385006,0.03543942892609808,0.04016824302301187,0.9170772512629105,0.0036221786064402303,Walking,Walking
126,0.0014403304787097857,0.0021903734419356346,0.0658514495249042,0.04906210721343893,0.8787984260172491,0.0026573133237622264,Walking,Walking
127,0.0012563350583899078,0.0013455287281694758,0.30130692108319423,0.034236811998710315,0.6603502166081472,0.001504186523389391,Walking,Walking
128,0.0013360995567573127,0.0007529724999162428,0.03360354547040579,0.00890811094432415,0.9540460985926456,0.0013531729359508352,Walking,Walking
129,0.0010035044569448464,0.0006294731068287498,0.07283935420651239,0.009942256854020462,0.915070240908221,0.0005151704674725046,Walking,Walking
130,0.0012108546440851191,0.0008688125210464387,0.14200794509741574,0.02594236616959618,0.8273647040586625,0.002605317509193697,Walking,Walking
131,0.001943807200755389,0.009143233787287179,0.0450761304320213,0.049854386228369865,0.8722191070034091,0.021763335348157487,Walking,Walking
132,0.0014164755065673767,0.0045895763858416014,0.05668746688627662,0.03888064052247032,0.8930714570474414,0.0053543836514028595,Walking,Walking
133,0.0009427252760229143,5.077722147235026e-05,0.0470763239554381,0.0003675682252255023,0.9514973214651108,6.528385673029156e-05,Walking,Walking
134,0.0012792063719081518,0.0007081273380850297,0.07788001936786457,0.009215547668350576,0.9092520838592615,0.001665015394529857,Walking,Walking
135,0.0009552713336572235,0.0008376010623070201,0.13300986533934733,0.012164278935886171,0.852604357904402,0.00042862542440028116,Walking,Walking
136,0.0013079040819705375,0.0013138076834034933,0.07865324342132979,0.021512308015650548,0.8961943493995942,0.001018387398051329,Walking,Walking
137,0.001031201578842073,0.00028096605825135476,0.3791082617896514,0.005601859705679382,0.6137267441831901,0.0002509666843855723,Walking,Walking
138,0.0011015881331345701,0.0001783895362457509,0.0671117625115458,0.002813034525596027,0.9284706044166589,0.0003246208768185326,Walking,Walking
139,0.0011258498298499047,0.0010578253935498696,0.09780586503715168,0.02143234587978203,0.8757378402113636,0.002840273648303032,Walking,Walking
140,0.0011637822230181503,0.0008201354903939729,0.056663105128854814,0.007860594345285974,0.9330063490194188,0.0004860337930281896,Walking,Walking
141,0.0011091259113687195,0.0008189295890119075,0.18704960609062746,0.013498063808288885,0.7971413184722281,0.0003829561284748579,Walking,Walking
142,0.0012713116862506178,0.0008355161977320157,0.1107611234990386,0.024525219914149986,0.8598664555016976,0.002740373201131157,Walking,Walking
143,0.0009846581498625412,0.000535550226542346,0.046451148016559446,0.004079915755989521,0.9475625636999724,0.00038616415107354537,Walking,Walking
144,0.001309587053541164,0.0012489745287306317,0.13444714436604432,0.016724565458256423,0.8428646118051972,0.003405116788230432,Walking,Walking
145,0.0014658130295684792,0.001672693341849439,0.2431247238094765,0.04655860163093796,0.7020142704474213,0.005163897740745952,Walking,Walking
146,0.0011057799299082863,0.00010056149331954289,0.17561384696463272,0.0012206540361953972,0.8216101966895376,0.000348960886406415,Walking,Walking
147,0.0019940504395276402,0.002730867583683399,0.31719767006882676,0.2925820214149478,0.35996927272855617,0.025526117764458095,Walking,Walking
148,0.002414492242059826,0.0010087701408307858,0.870934579321572,0.08753946456800747,0.03492951592747085,0.0031731778000588374,StairClimbing,Walking
149,0.002521723604233381,0.709951118606416,0.020624094486375196,0.0030676521925696934,0.003860977466096581,0.25997443364430856,Sitting,Sitting
150,0.0017151177128297088,0.6740477255195539,0.002316054859881365,0.008103804458747551,0.004585822240698544,0.3092314752082889,Sitting,Sitting
151,0.0015829416661393746,0.5287897024779586,0.0019345521877028597,0.009296594961326001,0.004165007789103828,0.45423120091776914,Sitting,Sitting
152,0.0016346093562558477,0.31383466435551366,0.000498760136262935,0.001892920408751794,0.0015394052314611016,0.6805996405117545,Wheeling,Sitting
153,0.0020749033722627817,0.4094286687012737,0.0006887136678023304,0.0005682681039119135,0.0005022346135352331,0.5867372115412139,Wheeling,Sitting
154,0.0086524114831369,0.26210182234940455,0.027055035825527027,0.02238552330804391,0.09582778808884197,0.5839774189450455,Wheeling,Sitting
155,0.0019523218391687587,0.3066089723962059,0.0003153843868959103,0.00047018959507373403,0.0003381406137728019,0.6903149911688831,Wheeling,Sitting
156,0.0019740377092280475,0.45406901077321465,0.0014861886678910665,0.0012468124484359075,0.0010462949319862086,0.5401776554692441,Wheeling,Sitting
157,0.0024077631641373923,0.2490609662087362,0.0013026333558313126,0.0007076758139804711,0.004720477172581711,0.7418004842847332,Wheeling,Sitting
158,0.0020649632804067737,0.4321763428846107,0.0002497922751305958,0.00031464935955244203,0.00022888030086326122,0.5649653718994364,Wheeling,Sitting
159,0.0030504548255216677,0.2446276698638735,0.0013328151038405843,0.0005117209775518845,0.004215717813333489,0.7462616214158788,Wheeling,Sitting
160,0.0017318558831262993,0.3875726180796398,0.0006610590649204095,0.0014119796241905934,0.0009987644665066288,0.6076237228816165,Wheeling,Sitting
161,0.0018091565303769636,0.38310253588864346,0.0002761176832220624,0.00046093092593839445,0.00032284585610272375,0.6140284131157161,Wheeling,Sitting
162,0.0016177994064243589,0.4019827988083656,0.0006729010245384885,0.0012722539689900257,0.00045803076876306054,0.5939962160229183,Wheeling,Sitting
163,0.0020944758882923426,0.3249388870246112,0.0004109035032258441,0.000555231516841929,0.0007132852192614728,0.671287216847767,Wheeling,Sitting
164,0.0015092084195864925,0.431541126048282,0.0006540364567160164,0.0010383441560335809,0.0008524553376665873,0.5644048295817153,Wheeling,Sitting
165,0.00588197988473796,0.38598074163678164,0.012474223831704165,0.004577641391964597,0.03254550722651845,0.5585399060282932,Wheeling,Sitting
166,0.0026197638826791427,0.45393622188615446,0.007023054730478282,0.005087046968359008,0.00452564897669861,0.5268082635556306,Wheeling,Sitting
167,0.0020672375744170755,0.29972927852602316,0.00048583944197831355,0.0005500208189125175,0.0009458284663821235,0.6962217951722867,Wheeling,Sitting
168,0.0023816267527895446,0.5648547924003967,0.00030040482000614664,0.00019438775641588972,0.0001802896214174309,0.43208849864897403,Sitting,Sitting
169,0.0021333346862867043,0.4076056234020283,0.0008592529272755115,0.0006083719236168202,0.0007488832460846666,0.5880445338147081,Wheeling,Sitting
170,0.002307273346688296,0.3915775777719647,0.0007342726985082606,0.0003345350146319031,0.0012576091328257647,0.6037887320353812,Wheeling,Sitting
171,0.0025927401943289592,0.4612942536155514,0.00042588022110416575,0.00037368379568065085,0.0003540792848546677,0.5349593628884803,Wheeling,Sitting
172,0.0020472775599230855,0.27934531488146486,0.000286176903107026,0.0004011886719074641,0.00043880817295671677,0.717481233810641,Wheeling,Sitting
173,0.0019806272968032686,0.40677248038564945,0.0021698042999282055,0.021490871657306395,0.007906968581600485,0.5596792477787123,Wheeling,Sitting
174,0.003923138162461851,0.47876366075151755,0.02337138928914723,0.004862466295100584,0.007524043925782142,0.48155530157599064,Sitting,Sitting
175,0.0018706850896307121,0.2666279053470713,0.00047600331608546695,0.00031638462001464977,0.0006549947690759685,0.7300540268581223,Wheeling,Sitting
176,0.0015049096582867186,0.21159941857939124,0.0009690073612594502,0.0020128073429745846,0.0013889854309565722,0.7825248716271314,Wheeling,Sitting
177,0.002473636357834912,0.38952535931987387,0.0013032879836573476,0.0007423695763749044,0.001782459994114623,0.6041728867681444,Wheeling,Wheeling
178,0.0017330172534972342,0.3031167299749878,0.0003004850338715108,0.0002890788568703236,0.0003572171381773297,0.6942034717425956,Wheeling,Wheeling
179,0.002309132167713922,0.6139270118926549,0.006147880040666426,0.01850179513716869,0.01640807034822121,0.3427061104135746,Sitting,Wheeling
180,0.0021560425367620896,0.2318368935526968,0.001557848089375874,0.0015227510826774562,0.005076510975198597,0.7578499537632888,Wheeling,Wheeling
181,0.0015089060481240683,0.2111574444267325,0.0009598359561178501,0.0036882628608012444,0.002695353034147131,0.7799901976740771,Wheeling,Wheeling
182,0.00168375097531606,0.287082946490668,0.001424125797892422,0.0021722156879184283,0.0019107616942507526,0.7057261993539542,Wheeling,Wheeling
183,0.002270853126267306,0.24270227675242154,0.004717490154695669,0.0024610777999685145,0.004603422824311862,0.7432448793423346,Wheeling,Wheeling
184,0.002280593176749959,0.19942516350323608,0.0003701119730502093,0.00029804291020937233,0.0004147393091948709,0.7972113491275593,Wheeling,Wheeling
185,0.0015197441121584077,0.2699553602748293,0.0009687861196492264,0.0010353959254911149,0.0016104918741087484,0.7249102216937634,Wheeling,Wheeling
186,0.001764724673814643,0.2977869432423356,0.0022404389508970924,0.0024222848926398893,0.0029806927160232082,0.6928049155242892,Wheeling,Wheeling
187,0.0018408859326399056,0.3411037302558756,0.0009995233453800466,0.001251159676091392,0.0015678017264144286,0.6532368990635984,Wheeling,Wheeling
188,0.0019141136126448455,0.2813873597559162,0.0012724350590998061,0.001747986751456441,0.0011286358251796267,0.7125494689957035,Wheeling,Wheeling
189,0.002060194769990355,0.36920243411503634,0.0033998586180561483,0.008292692950407856,0.006341287709700583,0.6107035318368091,Wheeling,Wheeling
190,0.0016197536013469304,0.4034032212891807,0.004390057483263746,0.010851200241840216,0.0038998525803355106,0.5758359148040326,Wheeling,Wheeling
191,0.0020578389565994305,0.4530351684678779,0.0075623753106455124,0.019937306461027843,0.010433081767072788,0.5069742290367766,Wheeling,Wheeling
192,0.001578439433611736,0.3752209453153667,0.008123012636391404,0.05816114735989444,0.011802010046833969,0.5451144452079014,Wheeling,Wheeling
193,0.0020978494078197248,0.5023974876292522,0.01397819223168651,0.06328828353076678,0.018120764976202963,0.4001174222242719,Sitting,Wheeling
194,0.0015904041413071386,0.4315317361499482,0.006886190271845455,0.02219030414590156,0.01211550252733908,0.5256858627636588,Wheeling,Wheeling
195,0.0022558103328189434,0.47368519306436463,0.0015495255352954522,0.0016360576928530345,0.0015300870160377782,0.5193433263586302,Wheeling,Wheeling
196,0.0017213065119057501,0.5965917563587171,0.007923755453666876,0.014411214553000217,0.008206947411883391,0.37114501971082675,Sitting,Wheeling
197,0.0015906817802976798,0.41501466295292333,0.0030193202533319715,0.004483758097898295,0.0019427957111114163,0.5739487812044373,Wheeling,Wheeling
198,0.0015682659931590699,0.43576544987444615,0.002042864068969279,0.00270275663294329,0.0018056134082251756,0.5561150500222567,Wheeling,Wheeling
199,0.0016969527805539353,0.4167179272932118,0.0010750216056263152,0.0006867309761077297,0.0005796420802526185,0.5792437252642477,Wheeling,Wheeling
200,0.006118473962795585,0.1519546540887454,0.04729338232123097,0.4387783960950831,0.07503252022127004,0.28082257331087485,Standing,Wheeling
201,0.001359541548341267,0.18532174425895098,0.004827423289578172,0.013051538524768251,0.003023616171078137,0.7924161362072832,Wheeling,Wheeling
202,0.001846061528938322,0.5028695355490173,0.001283036114617976,0.0006982055096624179,0.0006082386240119617,0.4926949226737519,Wheeling,Wheeling
203,0.0017061603555680053,0.361736757205121,0.0011404602453535476,0.0010815223847038477,0.0006533846043248797,0.633681715204929,Wheeling,Wheeling
204,0.001519298529944388,0.3759023177697469,0.0011730510163595516,0.001125168651061686,0.0006946492803842472,0.6195855147525031,Wheeling,Wheeling
205,0.0016455331514639172,0.30479047207850557,0.0010791593953333129,0.0016583473823473763,0.0008278396798277799,0.6899986483125221,Wheeling,Wheeling
206,0.001855233780712446,0.4747641759798965,0.007479440115339452,0.016548331372888313,0.010995495436394418,0.4883573233147685,Wheeling,Wheeling
207,0.0016062489733658964,0.22542643563763712,0.00674670527255697,0.029032864627420996,0.005492212856744327,0.7316955326322747,Wheeling,Wheeling
208,0.0012393554384207946,0.24850605458698058,0.004103812174488194,0.007460706542875027,0.002516002996438495,0.7361740682607966,Wheeling,Wheeling
209,0.001775817631076241,0.14503208915027835,0.007955451401780413,0.00443909036435382,0.006254336059139809,0.8345432153933712,Wheeling,Wheeling
210,0.002073025603068685,0.4172535465571346,0.008882021796590672,0.002892405546373807,0.0036215640351176448,0.5652774364617148,Wheeling,Wheeling
211,0.0014194496559361012,0.28561631111433544,0.004574653891900243,0.005649509039969194,0.0047172426945310125,0.6980228336033278,Wheeling,Wheeling
212,0.0012668793925091101,0.44052789373210877,0.0016926122491738077,0.0026239693022183657,0.0015296646619321823,0.5523589806620575,Wheeling,Wheeling
213,0.002387872101498583,0.11212378301885256,0.016001367904337416,0.04250736595631666,0.011562425667335594,0.8154171853516596,Wheeling,Wheeling
214,0.0019672314252937575,0.18551649551556157,0.0017396816614621679,0.0008289877348562979,0.0012607204849886052,0.8086868831778379,Wheeling,Wheeling
215,0.9296581011719928,0.01605807419440327,0.00575209251671715,0.008548645437880708,0.008350575610813378,0.03163251106819254,Lying,Lying
216,0.9810880253166077,0.004632655394459043,0.0026548216272243947,0.002989804487941812,0.0022046402870665623,0.006430052886700149,Lying,Lying
217,0.9803943105818786,0.0077658202715246115,0.0020554699453986885,0.0023223500097477746,0.0011990581277929286,0.00626299106365729,Lying,Lying
218,0.9717504599988797,0.011697003606899377,0.0023945624971644635,0.00302652370283181,0.002086344140547305,0.009045106053677015,Lying,Lying
219,0.973399759868781,0.00968979295593218,0.002443096457601531,0.0030651475689355123,0.002105929825961225,0.009296273322788672,Lying,Lying
220,0.9669339777018238,0.01397656997746657,0.002773824213440143,0.003743719419749609,0.0029014993135603093,0.009670409373959793,Lying,Lying
221,0.985885329337916,0.006274464566016153,0.0016092166946986852,0.0021246797427206194,0.0012595518212433969,0.00284675783740478,Lying,Lying
222,0.9798116652123736,0.008458548335441844,0.0019188203869991295,0.002737494739366803,0.0020760491658486416,0.004997422159969876,Lying,Lying
223,0.9657273311253312,0.01355020445318476,0.003244677290028314,0.00404305143567362,0.003036799233055219,0.010397936462726963,Lying,Lying
224,0.9754885809007858,0.00955230976477783,0.0024843430127644422,0.003233738865840165,0.0023498459613209314,0.006891181494510925,Lying,Lying
225,0.9706834358704606,0.010787796616322601,0.0028426522612499923,0.003613155009081834,0.002598213046034421,0.00947474719685032,Lying,Lying
226,0.9625092818900589,0.014554436957524761,0.0036515745636296537,0.004343636953386956,0.0026158977016678066,0.012325171933731824,Lying,Lying
227,0.9605981805068459,0.014668588666133742,0.003210301091554929,0.0040666622179379944,0.002812185685845536,0.01464408183168212,Lying,Lying
228,0.9606495687800937,0.013321874374204368,0.0038221365823896225,0.004640939005318289,0.002800757415686703,0.0147647238423078,Lying,Lying
229,0.9697679922634339,0.012396225160233485,0.0023821188849405613,0.0037270546597987543,0.002842327439860696,0.00888428159173256,Lying,Lying
230,0.9594866257663689,0.015078853918142138,0.004294157271575371,0.005174128867057989,0.0031081382483818015,0.01285809592847381,Lying,Lying
231,0.9470867375094099,0.0205076424928014,0.00599167192627924,0.00650709670008173,0.0035139150716127655,0.016392936299814878,Lying,Lying
232,0.9680398599270799,0.012750527846307556,0.002725025431700683,0.004050931460069131,0.002930129651208386,0.009503525683633978,Lying,Lying
233,0.962398708325384,0.014082264416989902,0.003320888362968069,0.004445508914293491,0.00295205162205706,0.012800578358307422,Lying,Lying
234,0.9588017360033668,0.016898041350133463,0.00431780165848196,0.004826987102693935,0.002337630142186364,0.012817803743137637,Lying,Lying
235,0.9633946277191584,0.014888223903839986,0.003218901587749419,0.004693925888801766,0.0029932600723923254,0.01081106082805806,Lying,Lying
236,0.9675193215678581,0.01289445464647818,0.0022533989797362043,0.0037764685531236418,0.002852837741033008,0.010703518511770642,Lying,Lying
237,0.971126728405384,0.011112488293600679,0.0027649735378307908,0.00366617206210862,0.0024276478125573155,0.00890198988851856,Lying,Lying
238,0.9648555240757196,0.014276017042423204,0.0029381443237239757,0.004534888662535851,0.00351741343620781,0.009878012459389395,Lying,Lying
239,0.9538278361276832,0.018787652880308585,0.003150087450325448,0.00447129770451755,0.002682800608527811,0.017080325228637196,Lying,Lying
240,0.9756801704080711,0.010083548695277573,0.0029110493550844386,0.0031003371532065407,0.0011628547628090506,0.007062039625550979,Lying,Lying
241,0.9568993002404391,0.017182657036422536,0.0024111941406085298,0.0037893080046069298,0.0030287587820981817,0.01668878179582465,Lying,Lying
242,0.00625215221711305,0.08249315401024787,0.04689710068197182,0.03172872090415119,0.16926482448322144,0.663364047703295,Wheeling,Standing
243,0.0022920687206249638,0.023603572398897918,0.047731974365312714,0.03306598308602755,0.8454426597410509,0.04786374168808594,Walking,Standing
244,0.0024565203810954696,0.014276879876516477,0.32901883938422893,0.1037789096511738,0.5172933469767154,0.03317550373026969,Walking,Standing
245,0.0024515610435475936,8.956961165372456e-05,0.9892410291342928,0.005592451811753199,0.0025270087848790054,9.837961387376523e-05,StairClimbing,Standing
246,0.001982221892344002,0.0026919875401819103,0.14722233792108913,0.7345889308946745,0.10344136204047544,0.010073159711235144,Standing,Standing
247,0.0018169086889810657,0.006089599552619852,0.04201530879291104,0.9131777229044555,0.026922791916362307,0.009977668144670094,Standing,Standing
248,0.001732581089810281,0.004141825112087314,0.02378323608543352,0.9227906109329967,0.03436386409263934,0.013187882687032469,Standing,Standing
249,0.0016209798630554848,0.002162495182492084,0.03227513170365171,0.9328825793380053,0.02768333259522755,0.0033754813175682244,Standing,Standing
250,0.0018787045871953938,0.007366561584134703,0.03304928286812203,0.9130739943167896,0.029592755480471845,0.015038701163286651,Standing,Standing
251,0.0018403315697446882,0.012347772479091457,0.020713366731075985,0.9089451886444792,0.032152927059110395,0.024000413516497773,Standing,Standing
252,0.001709279382866478,0.005297337738577259,0.10815162710288388,0.8675931448970682,0.013761174730842207,0.003487436147762153,Standing,Standing
253,0.0019868945376056405,0.013004440851963268,0.005835430121113101,0.9313868489893499,0.011603274676462086,0.036183110823505796,Standing,Standing
254,0.0018540215899939061,0.03824838840810126,0.02181241981108889,0.8921859150230464,0.021407460743364533,0.02449179442440505,Standing,Standing
255,0.00195151551644656,0.014976158918902078,0.03244124628577654,0.8940254530804504,0.032652293420441285,0.02395333277798333,Standing,Standing
256,0.001983416409767225,0.013708548632770365,0.020382606081084824,0.9076075342337054,0.0290270733452719,0.027290821297400677,Standing,Standing
257,0.0019773671732518645,0.011311604721698898,0.013656161047704268,0.9267769345933294,0.023656027264521335,0.022621905199494245,Standing,Standing
258,0.0018811635328843995,0.008996447247774627,0.033421589752232486,0.9075067898870631,0.032232832176311864,0.015961177403733522,Standing,Standing
259,0.0018697214075494143,0.014051492152569407,0.013454967237161558,0.9341370016957768,0.01736198933021027,0.01912482817673235,Standing,Standing
260,0.0018171930878565095,0.009111560767917125,0.025396288431777672,0.9116685555232437,0.03669550578455211,0.015310896404653213,Standing,Standing
261,0.0026637443577014037,0.04911993636715682,0.03264560522014302,0.8910248926375376,0.01775266763046602,0.00679315378699524,Standing,Standing
262,0.0020243692501957468,0.012174945025422714,0.019067333840562452,0.9159116757525574,0.02514784445114619,0.02567383168011579,Standing,Standing
263,0.0020608067088335505,0.006449917491813041,0.0281553358162277,0.9389360181712088,0.017603795059429158,0.0067941267524878396,Standing,Standing
264,0.002021910674300443,0.00926367028367418,0.02018406416985041,0.8892572466618194,0.0569585245628116,0.022314583647543747,Standing,Standing
265,0.0022251592792708534,0.023451303725483544,0.023963100422490637,0.8357276955290416,0.05759326769547079,0.05703947334824237,Standing,Standing
266,0.001929473999743148,0.04139338223766938,0.01646606804355949,0.8165271419677554,0.03127985294864335,0.09240408080262963,Standing,Standing
267,0.002044323615314007,0.024797423263942138,0.048258565687388656,0.7521733948699943,0.11785216510334372,0.0548741274600172,Standing,Standing
268,0.0011146413496199961,0.0008960063095695915,0.04729556803995089,0.005005882500823157,0.9443469403629486,0.0013409614370880002,Walking,Walking
269,0.002504989562212693,0.005815143360175369,0.15401661714958303,0.13786227390369182,0.6736932312835129,0.02610774474082402,Walking,Walking
270,0.0018919391964023738,0.005660783050552012,0.11389759068504608,0.07000126051779708,0.7934935085940253,0.015054917956177166,Walking,Walking
271,0.0014773486298732157,0.0009835040243457078,0.054857279861755794,0.016293594395395353,0.9229124398195632,0.003475833269066913,Walking,Walking
272,0.003255254928567938,0.04386322918970332,0.11938442340291745,0.04461655873297493,0.7750802741182269,0.013800259627609866,Walking,Walking
273,0.0018638835119944646,0.012301501097506733,0.6266898827983161,0.02580875010410877,0.33090702120182763,0.0024289612862464036,StairClimbing,Walking
274,0.0016277024677981947,0.008770587009843981,0.09203854029258192,0.0387498237096128,0.8496517283778131,0.009161618142349589,Walking,Walking
275,0.001528246109432472,0.006092273253201131,0.06209687685383791,0.05289243760992137,0.8690352457205079,0.008354920453099055,Walking,Walking
276,0.0015377243962879242,0.002627126999623953,0.125363185254219,0.030568065656791307,0.8378807348632695,0.0020231628298082545,Walking,Walking
