,0,1,2,3,4,5,modelStates,target
0,0.9783383674541177,0.006676319013197307,0.00365628458549622,0.0027358957661899716,0.003278942943714419,0.005314190237284146,Lying,Lying
1,0.9120367086107876,0.009300482554904383,0.00916509024907417,0.0034343185879617847,0.0019892108852414474,0.06407418911203056,Lying,Lying
2,0.944804242080877,0.02170150804867292,0.003195712765291833,0.005080618380629546,0.001725554107025513,0.023492364617503175,Lying,Lying
3,0.9287770889037805,0.035404933968586905,0.004104347865755089,0.007867227873849003,0.00477306324580889,0.01907333814221964,Lying,Lying
4,0.9203306854672635,0.022779633533800175,0.004114910317807113,0.005249316809698788,0.0019801432906410006,0.04554531058078926,Lying,Lying
5,0.950007256778414,0.0035327608406397052,0.002298836733301495,0.030420868026972553,0.0011743486711218824,0.012565928949550262,Lying,Lying
6,0.9719652712778428,0.0009093320046553278,0.010736762280350158,0.003369646373783121,0.008830034017967198,0.004188954045401345,Lying,Lying
7,0.9267641305996289,0.04369804114232748,0.002888878474934496,0.006430051309436348,0.0029833539207685424,0.01723554455290398,Lying,Lying
8,0.9562858322034917,0.023593234389749414,0.0035598865384206535,0.0030086083281512604,0.0008652584362871756,0.012687180103899838,Lying,Lying
9,0.9364621767283728,0.02627628130518059,0.004870813065630006,0.0039743710076540215,0.0014652447132186624,0.02695111317994382,Lying,Lying
10,0.9391310615190368,0.023486765976337688,0.003742415296366969,0.0034433743365893488,0.0009592411664867083,0.029237141705182542,Lying,Lying
11,0.5316554872358763,0.016222390931807388,0.013836832242005577,0.005323556412257404,0.005176632004577548,0.4277851011734761,Lying,Lying
12,0.868148229038727,0.03544522091036805,0.005747753691357023,0.0061694269659607675,0.007438485996323207,0.07705088339726388,Lying,Lying
13,0.868148229038727,0.03544522091036805,0.005747753691357023,0.0061694269659607675,0.007438485996323207,0.07705088339726388,Lying,Lying
14,0.868148229038727,0.03544522091036805,0.005747753691357023,0.0061694269659607675,0.007438485996323207,0.07705088339726388,Lying,Lying
15,0.868148229038727,0.03544522091036805,0.005747753691357023,0.0061694269659607675,0.007438485996323207,0.07705088339726388,Lying,Lying
16,0.868148229038727,0.03544522091036805,0.005747753691357023,0.0061694269659607675,0.007438485996323207,0.07705088339726388,Lying,Lying
17,0.868148229038727,0.03544522091036805,0.005747753691357023,0.0061694269659607675,0.007438485996323207,0.07705088339726388,Lying,Lying
18,0.868148229038727,0.03544522091036805,0.005747753691357023,0.0061694269659607675,0.007438485996323207,0.07705088339726388,Lying,Lying
19,0.868148229038727,0.03544522091036805,0.005747753691357023,0.0061694269659607675,0.007438485996323207,0.07705088339726388,Lying,Lying
20,0.868148229038727,0.03544522091036805,0.005747753691357023,0.0061694269659607675,0.007438485996323207,0.07705088339726388,Lying,Lying
21,0.868148229038727,0.03544522091036805,0.005747753691357023,0.0061694269659607675,0.007438485996323207,0.07705088339726388,Lying,Lying
22,0.868148229038727,0.03544522091036805,0.005747753691357023,0.0061694269659607675,0.007438485996323207,0.07705088339726388,Lying,Lying
23,0.868148229038727,0.03544522091036805,0.005747753691357023,0.0061694269659607675,0.007438485996323207,0.07705088339726388,Lying,Lying
24,0.868148229038727,0.03544522091036805,0.005747753691357023,0.0061694269659607675,0.007438485996323207,0.07705088339726388,Lying,Lying
25,0.868148229038727,0.03544522091036805,0.005747753691357023,0.0061694269659607675,0.007438485996323207,0.07705088339726388,Lying,Lying
26,0.0272924554724512,0.09522581811876636,0.05957624517456964,0.12392562758648068,0.16597929311282503,0.5280005605349073,Wheeling,Sitting
27,0.012081596604097336,0.6585748003897526,0.04207653483395836,0.1807185746847253,0.06110289956792783,0.04544559391953806,Sitting,Sitting
28,0.0037785393832576114,0.8298267529986026,0.022855013819400482,0.08976496134095142,0.02943335235542132,0.02434138010236667,Sitting,Sitting
29,0.0017608221309637856,0.7894840983928557,0.014290249267818548,0.14778265115913156,0.033546114538451806,0.013136064510778334,Sitting,Sitting
30,0.004309068901486712,0.8049218104789724,0.008933460279422224,0.14688221277992314,0.01270554001335787,0.02224790754683725,Sitting,Sitting
31,0.004740396183563913,0.609066233919886,0.035165185636021355,0.29683790198669374,0.024723493128556706,0.029466789145277936,Sitting,Sitting
32,0.005814613513087932,0.5589018152060405,0.022882045911321782,0.2863659659655496,0.08647163455748928,0.03956392484651072,Sitting,Sitting
33,0.005786518526427813,0.5355359737385569,0.02018120370276582,0.37252305815073194,0.02371099733870318,0.04226224854281496,Sitting,Sitting
34,0.005126435399081434,0.7022616667845485,0.012820041639514433,0.22943843387653368,0.01684019943158046,0.03351322286874189,Sitting,Sitting
35,0.005983837175803638,0.6584223683747294,0.01572402844454979,0.26673288029851705,0.013642779558722003,0.03949410614767841,Sitting,Sitting
36,0.019743421404073,0.5263745336618006,0.02566073444070055,0.3517318597327967,0.008819537264374946,0.06766991349625434,Sitting,Sitting
37,0.008013032207759306,0.7356153144635998,0.010571636354985705,0.14238327955454572,0.06819361675046438,0.0352231206686451,Sitting,Sitting
38,0.007276505507506334,0.6847211352307527,0.021056763616883353,0.22991670886489654,0.012807480477812553,0.044221406302148526,Sitting,Sitting
39,0.007006937597705398,0.8056105827395854,0.005203941571091661,0.15140081432387753,0.00258377031592487,0.028193953451815034,Sitting,Sitting
40,0.00666035575494032,0.7335072995125872,0.021333940162067234,0.17843998047686,0.026694474447984236,0.03336394964556121,Sitting,Sitting
41,0.005637106015777272,0.7222764497288224,0.02008011403738805,0.17523521977579248,0.042198157382943274,0.03457295305927624,Sitting,Sitting
42,0.017276652433686826,0.6437750908767883,0.02391309433920697,0.25117068807576926,0.007152344796558823,0.05671212947798987,Sitting,Sitting
43,0.006291322053982644,0.7925330734507875,0.012897454044226772,0.1455939886521567,0.00838179457884539,0.034302367220001365,Sitting,Sitting
44,0.006841988476247675,0.024172317598510136,0.06260110006109212,0.8404150077023302,0.05366300872737898,0.012306577434440816,Standing,Standing
45,0.0032772369960296626,0.01581116702376362,0.009668047943335473,0.9616747141095048,0.004623331269490227,0.004945502657875989,Standing,Standing
46,0.0018431755122859203,0.011491383323915349,0.015795685183799923,0.9531725559023191,0.01513306088378445,0.0025641391938950957,Standing,Standing
47,0.0024783036686219753,0.010644714301516417,0.03467968752154336,0.9237150344641794,0.02513017259456546,0.0033520874495735794,Standing,Standing
48,0.001747341792041086,0.014503324143629122,0.024888539129839387,0.9194311424892089,0.03695872918302695,0.0024709232622542802,Standing,Standing
49,0.002912459628580804,0.017323580072545246,0.015061868781361568,0.9483279503740596,0.01172617210948451,0.004647969033968371,Standing,Standing
50,0.0030129265876486576,0.008905754553962184,0.01087239208565918,0.9666007404074349,0.005108804262576456,0.005499382102718439,Standing,Standing
51,0.001959580803706468,0.014175274592517363,0.01159212245916925,0.9524049024123493,0.016998160571530658,0.002869959160727653,Standing,Standing
52,0.0024866490274400473,0.010008500406114956,0.009983894972733926,0.9636764627161575,0.010278586018304977,0.003565906859248742,Standing,Standing
53,0.0022188893494452084,0.012351251956514753,0.012202180399690028,0.9518881983058453,0.018339904773735243,0.002999575214769368,Standing,Standing
54,0.0017821535744974753,0.010770137698535433,0.009621894338724466,0.9568393013300248,0.018049080161251563,0.002937432896966122,Standing,Standing
55,0.0006923508623384748,0.015562073422118993,0.013779600882465015,0.8647202429113617,0.10333930883466454,0.0019064230870512644,Standing,Standing
56,0.00204925550695775,0.011334775048016547,0.013124930092160791,0.9521162511261653,0.01866804906312928,0.002706739163570419,Standing,Standing
57,0.002423456322503906,0.011505285509421571,0.010017487434238961,0.9649972501210979,0.007437317040869963,0.003619203571867512,Standing,Standing
58,0.002280903472667039,0.014437947440490382,0.023536714909872858,0.9410175854215835,0.015257803716299107,0.0034690450390871272,Standing,Standing
59,0.002189798351579511,0.01570183375390916,0.04526737606912344,0.8579762858997357,0.07505988860050296,0.003804817325149116,Standing,Standing
60,0.0018323159290156794,0.017134241865432172,0.016702590215854927,0.926825212874614,0.03472452764834578,0.0027811114667377636,Standing,Standing
61,0.0019548273001573535,0.016705883249879306,0.016531228997987545,0.9448204843680833,0.01704680991757254,0.0029407661663196426,Standing,Standing
62,0.002091499799970759,0.014093994647147895,0.017413538554069758,0.9522598143464648,0.011441190802979546,0.002699961849367521,Standing,Standing
63,0.0018686001585782666,0.011917985078776217,0.007250514967141473,0.9632205131764054,0.013445110957455852,0.0022972756616427077,Standing,Standing
64,0.0017166875349972882,0.013484558070775367,0.009509405477946356,0.957665149898461,0.01532512703864755,0.002299071979172774,Standing,Standing
65,0.0017885853142488738,0.013596962182484797,0.014178789775705011,0.9509728553869968,0.01726165521205186,0.00220115212851257,Standing,Standing
66,0.0015112732930228443,0.020756149581602733,0.018599760683171547,0.9069324960677425,0.049941898610658245,0.0022584217638021375,Standing,Standing
67,0.0025512525151025075,0.022470984997498583,0.009414205933011139,0.9415062394898176,0.02048901651808142,0.0035683005464886893,Standing,Standing
68,0.000915340605121893,0.013475382582304728,0.007477000036083538,0.9042295992990755,0.07245110195971449,0.0014515755176996064,Standing,Standing
69,0.0034983233661689743,0.014253506382082845,0.006182694096045805,0.9495693389954216,0.023628817998338342,0.0028673191619424214,Standing,Standing
70,0.008411920557433672,0.019614524233066935,0.0038970550599408847,0.9571930856878108,0.0020538717622059347,0.008829542699541571,Standing,Standing
71,0.0023612852851512592,0.021618847427158586,0.027729443652198163,0.9126282084368792,0.03215346851554122,0.003508746683071792,Standing,Standing
72,0.010594760019491743,0.18569179204693162,0.004172890802557729,0.004369541200836705,0.004993135590555415,0.7901778803396267,Wheeling,Wheeling
73,0.017252805124797793,0.6925631762063812,0.004202771887709109,0.002820800435658193,0.0018196037566108867,0.2813408425888427,Sitting,Wheeling
74,0.010882020753084557,0.18144658719091533,0.0036819703234528536,0.006533241990180129,0.003824762021904717,0.7936314177204623,Wheeling,Wheeling
75,0.02121578873469047,0.1723874577596903,0.005403386476329049,0.0038686256955828844,0.0031487416112345908,0.7939759997224729,Wheeling,Wheeling
76,0.008002068375467125,0.05719729221575489,0.004153932074407646,0.003935491408591586,0.005206764213434093,0.9215044517123445,Wheeling,Wheeling
77,0.011090779733681161,0.060096139441614745,0.009044966966075773,0.006400611005516179,0.021480039802110284,0.8918874630510019,Wheeling,Wheeling
78,0.01137688696719191,0.1251477070195857,0.0033805083901111035,0.0041836697015723455,0.006007542927794631,0.849903684993744,Wheeling,Wheeling
79,0.013274078020976117,0.16073320402491445,0.004193293146715407,0.0037565938915572594,0.005002959422117667,0.813039871493719,Wheeling,Wheeling
80,0.011578404187073447,0.11536504264171309,0.006062134128214187,0.004821829278974627,0.0066347584382264275,0.8555378313257981,Wheeling,Wheeling
81,0.008669788376972232,0.013543848334461686,0.002977001288068196,0.004662863120866568,0.0018998829252159424,0.9682466159544154,Wheeling,Wheeling
82,0.010811627605315885,0.1351308555995342,0.004337837788886211,0.004400262071220868,0.005977437087332088,0.8393419798477105,Wheeling,Wheeling
83,0.006957398329333582,0.03846979711649632,0.0041086225596314325,0.004848915943830135,0.008458812443544983,0.9371564536071635,Wheeling,Wheeling
84,0.009786043490469493,0.03846305469500274,0.0038337011818005548,0.0042652611773635095,0.007809628832522691,0.9358423106228412,Wheeling,Wheeling
85,0.031464777673354205,0.006260452959151713,0.003995772379091265,0.00460100429501485,0.0041187506204342925,0.9495592420729537,Wheeling,Wheeling
86,0.010757399643373683,0.005140574503175938,0.003714890921020225,0.005094665963038581,0.020206092026949105,0.9550863769424423,Wheeling,Wheeling
87,0.016569412452799446,0.024596484089272418,0.001574261537781976,0.0042463779712562265,0.0009624412078029297,0.9520510227410869,Wheeling,Wheeling
88,0.02394695512655155,0.0047425176186669405,0.0018769491808211481,0.0071285331775159866,0.0013433209720364605,0.9609617239244079,Wheeling,Wheeling
89,0.007646117069126841,0.04157673909573041,0.005816301083849242,0.005886667812035662,0.009543279680888788,0.929530895258369,Wheeling,Wheeling
90,0.006573939136449736,0.010726764270783153,0.0031030290738713103,0.004052601735160195,0.007225415717440257,0.9683182500662953,Wheeling,Wheeling
91,0.015105221098511538,0.07456345634990026,0.005540590871311678,0.004460646969355797,0.005426878680091677,0.8949032060308287,Wheeling,Wheeling
92,0.013805315613800441,0.07179887068261151,0.003328807160631124,0.003971894862243761,0.0034784550714928126,0.9036166566092203,Wheeling,Wheeling
93,0.01102075423757551,0.0035750457686486666,0.0029642301161475902,0.002163141563850969,0.006232063041520029,0.9740447652722573,Wheeling,Wheeling
94,0.009872894696388516,0.019861583992603092,0.0038784686321516842,0.003136210737554388,0.006181757567858051,0.957069084373444,Wheeling,Wheeling
95,0.031204478762257307,0.0188194980129391,0.011730663642777743,0.007448602165755365,0.005919535357872817,0.9248772220583977,Wheeling,Wheeling
96,0.005469908810210808,0.03713638126716926,0.00449751749008703,0.0028718690769148803,0.005435755642718522,0.9445885677128992,Wheeling,Wheeling
97,0.012400494269335613,0.006656556198560213,0.003722670524667553,0.0022671866289477437,0.0043018301949033656,0.9706512621835853,Wheeling,Wheeling
98,0.02354115717288979,0.016372077493597637,0.005435145933432722,0.0043300425909156065,0.004865936067566087,0.945455640741598,Wheeling,Wheeling
99,0.041108768838264156,0.04548294619912227,0.09013619500463647,0.030920453278638436,0.0600717322173233,0.7322799044620151,Wheeling,Wheeling
100,0.004104268039696685,0.00873753786443254,0.09216243604152372,0.02531529964800597,0.8661571416981679,0.0035233167081732673,Walking,Walking
101,0.0011427748637950637,0.0005271932938571996,0.1434392268851877,0.0017512885687202058,0.8522400762943536,0.0008994400940862475,Walking,Walking
102,0.003795068337098181,0.0016315529111222509,0.15951146540955474,0.00296043377709683,0.8300192163186766,0.002082263246451785,Walking,Walking
103,0.0032278132104457593,0.0025882881101407917,0.09476863384361765,0.0039529172684654905,0.8927953804234465,0.002666967143883427,Walking,Walking
104,0.0008966302385955599,0.0004739410506562326,0.1060865800078412,0.0013134662335486655,0.8907484555897295,0.00048092687962871157,Walking,Walking
105,0.0025623511956838806,0.0037990723742932293,0.11610783495991286,0.006216121216269573,0.868840478729632,0.0024741415242079783,Walking,Walking
106,0.002329773478427041,0.0004163190737461917,0.11487336379387954,0.001456606598075078,0.8792637786104357,0.0016601584454363726,Walking,Walking
107,0.0018083836412517353,0.002050423045875187,0.12464818899313514,0.003716460839029909,0.8662755487157726,0.0015009947649353777,Walking,Walking
108,0.0019400688789247176,0.0012088098853497728,0.11592500852371931,0.00458556133815985,0.8744123182837129,0.0019282330901334056,Walking,Walking
109,0.0034490618671022145,0.0012044659254912453,0.11349824027276309,0.0021738762298557776,0.878498368922447,0.0011759867823407533,Walking,Walking
110,0.0036389524231880133,0.001716165872756023,0.1426544373527808,0.001953628339227793,0.8469145427490703,0.00312227326297727,Walking,Walking
111,0.0024043412201846834,0.0010428770308987209,0.12665535410948073,0.0017226933481511379,0.8665655698233045,0.0016091644679805208,Walking,Walking
112,0.0027652509503389845,0.0031673437933781,0.1553875718686322,0.004744722511926342,0.8314218291993857,0.0025132816763387103,Walking,Walking
113,0.0024701858433959618,0.0019148976257863505,0.10933953368853208,0.005183951119754797,0.8779082133908999,0.0031832183316312618,Walking,Walking
114,0.0013508525803757675,0.0033219664431504256,0.2772075346382395,0.014977079614994268,0.7020106638097072,0.0011319029135327746,Walking,Walking
115,0.0008743557811056365,0.0011784745543106361,0.14844726059306876,0.007339486002958006,0.8415488168127522,0.0006116062558049047,Walking,Walking
116,0.003036641965451789,0.015844153147269655,0.12787192129354014,0.06842421795133459,0.7799950763612093,0.004827989281194101,Walking,Walking
117,0.03410771058265919,0.05432197314199736,0.3032564624877953,0.009174660442536958,0.21884428287896202,0.38029491046604913,StairClimbing,Walking
118,0.03701326565956818,0.7663846721723349,0.002682284994129802,0.003879924866091538,0.002354456517374359,0.1876853957905014,Sitting,Sitting
119,0.028397925880653267,0.8905254805648578,0.002092724878480494,0.0023218708220861437,0.0011244703765053551,0.07553752747741714,Sitting,Sitting
120,0.026004343888220167,0.8912475668274561,0.0020520981443789164,0.001826971567859149,0.0007987737685078049,0.07807024580357796,Sitting,Sitting
121,0.02470685929087736,0.8863355408472071,0.0016143446737916386,0.0019515537810342104,0.0010834743341643666,0.08430822707292525,Sitting,Sitting
122,0.022952310933849415,0.9335242525223698,0.001108452303167165,0.0014917447731071642,0.0012532218256090402,0.039670017641897475,Sitting,Sitting
123,0.022952310933849415,0.9335242525223698,0.001108452303167165,0.0014917447731071642,0.0012532218256090402,0.039670017641897475,Sitting,Sitting
124,0.02211474436519378,0.9379652429877818,0.001174943859927739,0.0012367544602542254,0.0010890715746013683,0.03641924275224158,Sitting,Sitting
125,0.02211474436519378,0.9379652429877818,0.001174943859927739,0.0012367544602542254,0.0010890715746013683,0.03641924275224158,Sitting,Sitting
126,0.02211474436519378,0.9379652429877818,0.001174943859927739,0.0012367544602542254,0.0010890715746013683,0.03641924275224158,Sitting,Sitting
127,0.02211474436519378,0.9379652429877818,0.001174943859927739,0.0012367544602542254,0.0010890715746013683,0.03641924275224158,Sitting,Sitting
128,0.02211474436519378,0.9379652429877818,0.001174943859927739,0.0012367544602542254,0.0010890715746013683,0.03641924275224158,Sitting,Sitting
129,0.02211474436519378,0.9379652429877818,0.001174943859927739,0.0012367544602542254,0.0010890715746013683,0.03641924275224158,Sitting,Sitting
130,0.02211474436519378,0.9379652429877818,0.001174943859927739,0.0012367544602542254,0.0010890715746013683,0.03641924275224158,Sitting,Sitting
131,0.02211474436519378,0.9379652429877818,0.001174943859927739,0.0012367544602542254,0.0010890715746013683,0.03641924275224158,Sitting,Sitting
132,0.02211474436519378,0.9379652429877818,0.001174943859927739,0.0012367544602542254,0.0010890715746013683,0.03641924275224158,Sitting,Sitting
133,0.02211474436519378,0.9379652429877818,0.001174943859927739,0.0012367544602542254,0.0010890715746013683,0.03641924275224158,Sitting,Sitting
134,0.02211474436519378,0.9379652429877818,0.001174943859927739,0.0012367544602542254,0.0010890715746013683,0.03641924275224158,Sitting,Sitting
135,0.016772947512398557,0.774229815671558,0.0023004065817799238,0.002405829710442882,0.0024908553024329894,0.2018001452213875,Sitting,Sitting
136,0.02270909349609585,0.5757427221044267,0.003354891469676357,0.0029465209789965273,0.0029269936868379118,0.3923197782639666,Sitting,Sitting
137,0.018363692952051463,0.595199299094326,0.0031016130005710636,0.0031917229307910533,0.0036068004640307915,0.3765368715582297,Sitting,Wheeling
138,0.07712569626100575,0.017860156016385666,0.004695669079916375,0.005705544248339344,0.00448037708368758,0.8901325573106652,Wheeling,Wheeling
139,0.026292443569572128,0.006204166360974563,0.0038016994275707153,0.002529252219888037,0.008012123749044555,0.9531603146729504,Wheeling,Wheeling
140,0.017410744896258632,0.003469186011711946,0.0042972207538252444,0.00221820347215272,0.008338803956053515,0.9642658409099987,Wheeling,Wheeling
141,0.07829012045230961,0.021425154343307978,0.008921939196502944,0.005247289071333413,0.01199961483541097,0.8741158821011349,Wheeling,Wheeling
142,0.019127832689507462,0.004066767017644072,0.0028125617951594395,0.002220483788950065,0.007080673930246408,0.9646916807784928,Wheeling,Wheeling
143,0.03200539318683737,0.01574128595623954,0.0022920247915339457,0.003995537965461342,0.003471086920407064,0.9424946711795208,Wheeling,Wheeling
144,0.0145537963082107,0.019179043247193297,0.002693009765481528,0.003937818483768495,0.004382092283791851,0.9552542399115543,Wheeling,Wheeling
145,0.012324530169173033,0.016114806884114912,0.0021285088478337957,0.0032305648471041507,0.004487842275457372,0.9617137469763168,Wheeling,Wheeling
146,0.029043734253941474,0.013399761963030778,0.0021823573717217313,0.0029248411017697936,0.0039475562376078775,0.9485017490719284,Wheeling,Wheeling
147,0.03275203703900126,0.010041302982849668,0.0025225000074788713,0.002987104037801677,0.0049053044873263625,0.946791751445542,Wheeling,Wheeling
148,0.020678175584942705,0.005883507197030055,0.003906784387571708,0.002508514371085614,0.010098496224226112,0.9569245222351436,Wheeling,Wheeling
149,0.053189976663833814,0.014391197924007781,0.00385731150795917,0.0042827000251069594,0.005016032173747056,0.9192627817053451,Wheeling,Wheeling
150,0.018608782439125313,0.008075755911062271,0.0018279261862158707,0.0027284111819019475,0.004236808138686109,0.9645223161430087,Wheeling,Wheeling
151,0.04292397616375924,0.012987042322918719,0.0039477272173180115,0.004162913469092773,0.005307734515140173,0.9306706063117713,Wheeling,Wheeling
152,0.007300731899257799,0.002280865948665194,0.002175205255301346,0.0027743056253435486,0.004877244055265263,0.9805916472161669,Wheeling,Wheeling
153,0.010464856826866386,0.002076412048053176,0.001688882891274416,0.0016536396207603582,0.006599406474099344,0.9775168021389461,Wheeling,Wheeling
154,0.017266936418060177,0.0035586152344456836,0.003992586417436378,0.0030589578103458427,0.005788118930554843,0.9663347851891572,Wheeling,Wheeling
155,0.025204339628866926,0.006411007270530641,0.0013191133907983436,0.0023089792468888575,0.0034894733010854,0.9612670871618297,Wheeling,Wheeling
156,0.012476500319987923,0.003698754090082962,0.0022296758328395443,0.0023915152857102943,0.005352908604500416,0.9738506458668788,Wheeling,Wheeling
157,0.028437534510254124,0.007001464218019304,0.00300035071533807,0.0020711164362043643,0.005326032490759257,0.954163501629425,Wheeling,Wheeling
158,0.012694280160316557,0.11326136141859615,0.004812271903793574,0.0034999324594373275,0.009408500461285496,0.8563236535965711,Wheeling,Wheeling
159,0.0437989713157404,0.03813890343847905,0.002044706254597837,0.004641157011469487,0.002859057574572024,0.9085172044051413,Wheeling,Wheeling
160,0.025057795779710765,0.00751947057772162,0.0020163597622451057,0.002661334841031635,0.0038416210883946912,0.9589034179508962,Wheeling,Wheeling
161,0.03809700787704457,0.008794987488217597,0.002384289526083247,0.0021162506054954963,0.004762101860560918,0.9438453626425984,Wheeling,Wheeling
162,0.016304480549833862,0.005113009951394757,0.0033658958001596944,0.0023210842791756892,0.006079298684497241,0.9668162307349386,Wheeling,Wheeling
163,0.9917180476189354,0.0012441238727468513,0.0008665721116744138,0.0038379862439219307,0.0015021764563936532,0.0008310936963278723,Lying,Lying
164,0.9910654002261009,0.0015329878494167429,0.001971858325492722,0.002739792733721633,0.0020068650863281426,0.0006830957789396583,Lying,Lying
165,0.9767458604061438,0.002930382004792046,0.0022154229516282986,0.005044730286891056,0.010520684058794283,0.002542920291750383,Lying,Lying
166,0.9731250690887842,0.00350062680009534,0.002401480641539442,0.006922041087588694,0.010000894281723917,0.0040498881002687765,Lying,Lying
167,0.9913333283843975,0.0018481724062948085,0.0013977917555712794,0.0025073144152881178,0.0017577084291808263,0.0011556846092677503,Lying,Lying
168,0.9913333283843975,0.0018481724062948085,0.0013977917555712794,0.0025073144152881178,0.0017577084291808263,0.0011556846092677503,Lying,Lying
169,0.9913333283843975,0.0018481724062948085,0.0013977917555712794,0.0025073144152881178,0.0017577084291808263,0.0011556846092677503,Lying,Lying
170,0.9913333283843975,0.0018481724062948085,0.0013977917555712794,0.0025073144152881178,0.0017577084291808263,0.0011556846092677503,Lying,Lying
171,0.9913333283843975,0.0018481724062948085,0.0013977917555712794,0.0025073144152881178,0.0017577084291808263,0.0011556846092677503,Lying,Lying
172,0.9913333283843975,0.0018481724062948085,0.0013977917555712794,0.0025073144152881178,0.0017577084291808263,0.0011556846092677503,Lying,Lying
173,0.9913333283843975,0.0018481724062948085,0.0013977917555712794,0.0025073144152881178,0.0017577084291808263,0.0011556846092677503,Lying,Lying
174,0.9913333283843975,0.0018481724062948085,0.0013977917555712794,0.0025073144152881178,0.0017577084291808263,0.0011556846092677503,Lying,Lying
175,0.9913333283843975,0.0018481724062948085,0.0013977917555712794,0.0025073144152881178,0.0017577084291808263,0.0011556846092677503,Lying,Lying
176,0.9913333283843975,0.0018481724062948085,0.0013977917555712794,0.0025073144152881178,0.0017577084291808263,0.0011556846092677503,Lying,Lying
177,0.9913333283843975,0.0018481724062948085,0.0013977917555712794,0.0025073144152881178,0.0017577084291808263,0.0011556846092677503,Lying,Lying
178,0.9913333283843975,0.0018481724062948085,0.0013977917555712794,0.0025073144152881178,0.0017577084291808263,0.0011556846092677503,Lying,Lying
179,0.9913333283843975,0.0018481724062948085,0.0013977917555712794,0.0025073144152881178,0.0017577084291808263,0.0011556846092677503,Lying,Lying
180,0.9913333283843975,0.0018481724062948085,0.0013977917555712794,0.0025073144152881178,0.0017577084291808263,0.0011556846092677503,Lying,Lying
181,0.9912293035045101,0.0022507732837242166,0.0013019612445227295,0.0027804383169071087,0.0013965884707344877,0.0010409351796012603,Lying,Lying
182,0.9816683794978327,0.0019915326108550686,0.0026765623509033545,0.005792439682425339,0.005881833176799545,0.001989252681183652,Lying,Lying
183,0.9937183223573144,0.0016987062961332194,0.0006120529774707884,0.0028644674982558453,0.0005386460776902711,0.0005678047931356649,Lying,Lying
184,0.9932561670983455,0.0017972496960737504,0.0009213744787716886,0.0027681023333546687,0.0005854174875763868,0.0006716889058780481,Lying,Lying
185,0.9933831608905496,0.00188730208271012,0.0005935271973788602,0.002978083674461472,0.0005823056192278355,0.0005756205356721406,Lying,Lying
186,0.9962011023019757,0.0011613428577046216,0.0009404934780424178,0.001348852165050709,3.580245825057459e-05,0.00031240673897573216,Lying,Lying
187,0.9737113891403378,0.0031917203708987643,0.005935047096176897,0.003646669316461465,0.009974177120312662,0.003540996955812315,Lying,Lying
188,0.9737113891403378,0.0031917203708987643,0.005935047096176897,0.003646669316461465,0.009974177120312662,0.003540996955812315,Lying,Lying
189,0.9737113891403378,0.0031917203708987643,0.005935047096176897,0.003646669316461465,0.009974177120312662,0.003540996955812315,Lying,Lying
190,0.9737113891403378,0.0031917203708987643,0.005935047096176897,0.003646669316461465,0.009974177120312662,0.003540996955812315,Lying,Lying
191,0.9737113891403378,0.0031917203708987643,0.005935047096176897,0.003646669316461465,0.009974177120312662,0.003540996955812315,Lying,Lying
192,0.9737113891403378,0.0031917203708987643,0.005935047096176897,0.003646669316461465,0.009974177120312662,0.003540996955812315,Lying,Lying
193,0.9737113891403378,0.0031917203708987643,0.005935047096176897,0.003646669316461465,0.009974177120312662,0.003540996955812315,Lying,Lying
194,0.9737113891403378,0.0031917203708987643,0.005935047096176897,0.003646669316461465,0.009974177120312662,0.003540996955812315,Lying,Lying
195,0.9737113891403378,0.0031917203708987643,0.005935047096176897,0.003646669316461465,0.009974177120312662,0.003540996955812315,Lying,Lying
196,0.9737113891403378,0.0031917203708987643,0.005935047096176897,0.003646669316461465,0.009974177120312662,0.003540996955812315,Lying,Lying
197,0.0024020158154052533,0.019972959965127587,0.04332375258237709,0.8675306080787453,0.06380667823383378,0.0029639853245111447,Standing,Standing
198,0.002259059924462507,0.01704261487657136,0.026340485620242417,0.9316102775257847,0.019983257785487832,0.002764304267451461,Standing,Standing
199,0.0022121365329086312,0.014096392848878115,0.014439114885218624,0.9608922922463771,0.005860410048055815,0.002499653438562061,Standing,Standing
200,0.0018419641896121647,0.014408994240122291,0.02018587225226711,0.9487071736225028,0.012422845665291664,0.0024331500302044277,Standing,Standing
201,0.003037041002750556,0.019265301888408467,0.022478345731522305,0.9394809860346679,0.012082928522182216,0.003655396820468334,Standing,Standing
202,0.002732736774527323,0.02190903140995032,0.024151500332772326,0.9289606193004222,0.018305398436668525,0.003940713745659452,Standing,Standing
203,0.002731303919721403,0.026494835656884364,0.045825704099649756,0.8827480687670166,0.03828833035592005,0.003911757200807528,Standing,Standing
204,0.001480780805594762,0.013438975394912058,0.009627666380256911,0.9644308972817488,0.009187272767213284,0.001834407370274479,Standing,Standing
205,0.0021274150987310495,0.016072094797885326,0.021730130031798685,0.9359189276758639,0.02128151055003615,0.0028699218456845416,Standing,Standing
206,0.002091017203725755,0.019928309467596474,0.01859587662432253,0.9392910392181252,0.0167206142576439,0.0033731432285861325,Standing,Standing
207,0.0017857913606094003,0.017045883672746596,0.017325057427075012,0.9466752705403303,0.014497655058083692,0.00267034194115536,Standing,Standing
208,0.0023329242128366425,0.018677413103174834,0.04579331316508037,0.8791039331490309,0.0506683846370792,0.0034240317327978967,Standing,Standing
209,0.00383042711502319,0.021075540153474244,0.07589754201744323,0.8126494826012942,0.08143649638599494,0.005110511726769894,Standing,Standing
210,0.0033657183048305572,0.02197874910638577,0.026002519528757158,0.9243200641843485,0.018862297765356046,0.005470651110321999,Standing,Standing
211,0.0033657183048305572,0.02197874910638577,0.026002519528757158,0.9243200641843485,0.018862297765356046,0.005470651110321999,Standing,Standing
212,0.0033657183048305572,0.02197874910638577,0.026002519528757158,0.9243200641843485,0.018862297765356046,0.005470651110321999,Standing,Standing
213,0.0013177444252366105,0.0169567893965137,0.013265313745766437,0.9592933744517189,0.006680618283473877,0.0024861596972903066,Standing,Standing
214,0.0020910074107333082,0.014988458085768205,0.02864614524538279,0.9289870551210739,0.022544885985929203,0.002742448151112568,Standing,Standing
215,0.0016343009131731504,0.01737572940071617,0.0212458530183029,0.9422790047537596,0.015170031740379345,0.002295080173668628,Standing,Standing
216,0.000869562910698699,0.008469173776668061,0.04772580076780947,0.9054821029368832,0.03522424671782256,0.0022291128901177288,Standing,Walking
217,0.003467690023818544,0.012117160618944113,0.18464320867362627,0.023733313172372542,0.7686260624987993,0.007412565012439157,Walking,Walking
218,0.0007752569150450916,0.004274777401534228,0.19412381607113083,0.0075497237169820305,0.7919532303092299,0.001323195586077774,Walking,Walking
219,0.0015171666903145355,0.008382798148281724,0.23686442953094256,0.019745524988646512,0.7308569933794758,0.0026330872623392446,Walking,Walking
220,0.0014515227259046912,0.009585166465497456,0.21948819311104908,0.011274915149094653,0.7552425797198208,0.0029576228286332957,Walking,Walking
221,0.0020915040990394473,0.012404237891641362,0.23733547788834294,0.03284512632792431,0.711040392523571,0.004283261269480704,Walking,Walking
222,0.005036846980392869,0.046507301187246886,0.1809402957148197,0.12629199607372207,0.6279089386245204,0.013314621419298466,Walking,Walking
223,0.0021639006603705897,0.007168678388805903,0.19106166326390084,0.008315057047666432,0.7862265629053906,0.005064137733865871,Walking,Walking
224,0.0009615217282215798,0.0026229666796797244,0.24052667658555446,0.002701214553238577,0.7515759569280741,0.001611663525231626,Walking,Walking
225,0.0008048115376918379,0.0027098571453880284,0.23444420417812653,0.003537197501326202,0.7573015668696492,0.0012023627678183998,Walking,Walking
226,0.0027689901459461695,0.008605451127258716,0.1843858744022491,0.016822837547528443,0.7781171516299745,0.009299695147043187,Walking,Walking
227,0.0023388007095172074,0.005414314533507537,0.24901306977066,0.0030768157134801527,0.7355491875339193,0.004607811738915977,Walking,Walking
228,0.003665024071928967,0.0015397494793042228,0.17510713636865433,0.003121911800768731,0.809965076784103,0.006601101495240296,Walking,Walking
229,0.0013583156669764289,0.0057329088047776275,0.36538512446090904,0.0043507972185127895,0.6208540751010078,0.0023187787478160266,StairClimbing,Walking
230,0.0025859267366174703,0.0016181773693274204,0.17931821454870597,0.003434530348418537,0.808783608687258,0.004259542309672742,Walking,Walking
231,0.0038045624712286343,0.001966216629071264,0.23692359485660358,0.0016443858276496302,0.7489437231718706,0.006717517043576516,Walking,Walking
232,0.0028796227569423878,0.002312702083634621,0.22020227034962322,0.0018169564874135208,0.7677383134180795,0.005050134904306657,Walking,Walking
233,0.0016043525793470632,0.0016540791452174125,0.2524976278263229,0.0006927775993289521,0.74103265633582,0.0025185065139636266,Walking,Walking
234,0.002055637064002855,0.0019773799453193354,0.2606657463636715,0.0007601349745248961,0.7310764868413313,0.00346461481114987,Walking,Walking
235,0.0026180156405530477,0.018694538089571076,0.22630191492530222,0.03195854129353385,0.7150282302603008,0.005398759790738812,Walking,Walking
236,0.0034636455255337845,0.02585624546347629,0.22848168780504247,0.0173727576983281,0.7148021876178088,0.010023475889810566,Walking,Walking
237,0.002547202313030604,0.0071939562773734944,0.21840896027405174,0.009106906406442555,0.7547647449777186,0.007978229751382834,Walking,Walking
238,0.005016631855125511,0.012705932903420744,0.21550180661748167,0.01240019778567137,0.7394707232353989,0.014904707602901659,Walking,Walking
239,0.0026942809720907944,0.007418015237909236,0.237109399996769,0.011970568777269874,0.7346774772486259,0.006130257767335164,Walking,Walking
240,0.004199613700573505,0.010452092145871327,0.2042614215668185,0.008369886333891288,0.7624507346799182,0.01026625157292705,Walking,Walking
241,0.004077664363008689,0.00321297095206372,0.16756648887539216,0.006269079348033456,0.8050360235403299,0.013837772921172362,Walking,Walking
242,0.004592681991577617,0.006117467852127869,0.20772536263365957,0.0039106253216137,0.7648213058195271,0.012832556381494078,Walking,Walking
243,0.0008758924859117458,0.00290917760237696,0.30588734501651815,0.0013060181719426335,0.6878935361983572,0.001128030524893387,Walking,Walking
244,0.0033273138088631563,0.010084897408534908,0.22810163914633944,0.009922314781390142,0.7387470857450854,0.009816749109786992,Walking,Walking
245,0.0027218776523110833,0.005037776697226491,0.18317448450459084,0.010974974515936214,0.7903260158405411,0.007764870789394506,Walking,Walking
246,0.0029388556218580258,0.008195410807373184,0.20282147302930414,0.007684202330428771,0.7709184308497642,0.007441627361271275,Walking,Walking
247,0.002943081852000338,0.0024017064978146636,0.2323588333136924,0.003006594642913191,0.7526023903281083,0.0066873933654711445,Walking,Walking
248,0.0033538827479625798,0.0025118678972331746,0.09825001066950438,0.0015585259385465546,0.888977378353465,0.005348334393288037,Walking,Walking
249,0.0006240020151850536,0.001496041136422585,0.5443131726185003,0.002242108469740967,0.4509640455819765,0.0003606301781743999,StairClimbing,Walking
250,0.0007891464169204368,0.007774371440953059,0.10990731831822632,0.02890971505468273,0.850864108006943,0.0017553407622746995,Walking,Walking
251,0.002815188294496137,0.017206988320939608,0.31041565825640133,0.512741629706565,0.14848552322796119,0.008335012193637017,Standing,Walking
252,0.0030991993101712125,0.0020798709948662768,0.08847714159117323,0.0012464563197627642,0.9006957626620945,0.0044015691219316385,Walking,Walking
253,0.001830936473809459,0.0006182073327898938,0.1564552627415318,0.0006432842542701411,0.8377986440192414,0.0026536651783575387,Walking,Walking
254,0.004956966552041096,0.001320700229498187,0.4171887181927058,0.0008547665757779427,0.5680764163176386,0.007602432132338355,Walking,Walking
255,0.0025353401383275847,0.001417467309249373,0.2937932392579493,0.0007107020480747,0.6971258060231448,0.004417445223254318,Walking,Walking
256,0.0009885543023407924,0.0019432867108961813,0.7044045774372162,0.005153905440518991,0.28693398203263165,0.0005756940763962609,StairClimbing,Walking
257,0.0034297733972516015,0.008143629497208734,0.283800835724552,0.003713336674527507,0.6909553581910323,0.009957066515427953,Walking,Walking
258,0.008107543784653885,0.009536787175187583,0.8021648710755925,0.013554790697125303,0.14890308980381525,0.01773291746362492,StairClimbing,Walking
259,0.0017168773364503315,0.00036781652167961496,0.9503630752929301,0.0003187411001204698,0.04619947904835861,0.001034010700461053,StairClimbing,Walking
260,0.0027602984649651107,0.0008036813170067558,0.577618815203409,0.0008534473996422218,0.41579672671783147,0.0021670308971453588,StairClimbing,Walking
261,0.0035616564648840165,0.001752725837531946,0.5656393618072444,0.0011006562574303132,0.4235888179425971,0.004356781690312297,StairClimbing,Walking
262,0.0010570401594167931,0.0009607795192763177,0.40413797590177486,0.000725593555675061,0.5924362967965426,0.0006823140673145587,Walking,Walking
263,0.001121381553367209,0.0032243872196253084,0.33020850566089993,0.004545864591019622,0.6598442878831756,0.001055573091912004,Walking,Walking
264,0.0029679153314109874,0.001895561851259373,0.14398349650268516,0.0077779335314233245,0.838459738197323,0.004915354585897983,Walking,Walking
265,0.0012502663784794356,0.0007110455136037111,0.6348735187279335,0.000344254960361947,0.3620551372007806,0.0007657772188410842,StairClimbing,Walking
266,0.0013310040035070083,0.0018543468614287534,0.5742219662173819,0.0006087396761820759,0.42092329853478405,0.001060644706716371,StairClimbing,Walking
267,0.0008954709168148772,0.0014241559664736729,0.6556813746769505,0.0005017188619717173,0.34097355623128556,0.0005237233465036631,StairClimbing,Walking
268,0.0009991280947045855,0.0007867372787692697,0.3613100433700134,0.00041229173291929536,0.6356912073914036,0.0008005921321904215,Walking,Walking
269,0.0005046551218441586,0.0004706232331783236,0.9400312613796853,9.946829784120247e-05,0.05875879865272167,0.00013519331472939403,StairClimbing,Walking
270,0.0018992345640503792,0.0031068648372090646,0.07080339873392175,0.018390841161279505,0.9033377662045875,0.0024618944989521457,Walking,Walking
271,0.0017517737907923867,0.0012037056384301519,0.7969129313459092,0.0005307427744816967,0.1981914913412293,0.001409355109157536,StairClimbing,Walking
272,0.0010625250558446053,0.0010535627179047973,0.27611532345617135,0.0008302789143527006,0.7199437540891438,0.00099455576658291,Walking,Walking
273,0.002010872954707698,0.002375520899617577,0.14108474824147385,0.0012483863764120666,0.8500494113640052,0.003231060163783419,Walking,Walking
274,0.0020182419762583685,0.003555075863831045,0.30951741454980025,0.004245684042386325,0.6776239094040339,0.003039674163690219,Walking,Walking
275,0.0007646067051070874,0.0009892025220846938,0.5892811818030036,0.00034281677936095735,0.40819011302365166,0.00043207916679161197,StairClimbing,Walking
276,0.002644552202731042,0.007078087008735442,0.562726191130588,0.00241859073151028,0.4216475891187982,0.0034849898076370813,StairClimbing,Walking
