,0,1,2,3,4,5,modelStates,target
0,0.883158051158695,0.03835333029945691,0.013670772039837664,0.011341585964208674,0.04027824281014525,0.013198017727656604,Lying,Lying
1,0.7606073681047801,0.07849274127308688,0.013867900307208357,0.027178094130267737,0.016880892475903148,0.10297300370875326,Lying,Lying
2,0.7847035492835109,0.07181849712425785,0.009515109823571026,0.02363928870834415,0.012405282023708122,0.09791827303660759,Lying,Lying
3,0.7801505739374747,0.07172591971187234,0.011544211893784363,0.027169534320069366,0.013001272770934262,0.09640848736586508,Lying,Lying
4,0.7717393646167369,0.07363746221023403,0.014725904753515097,0.02735911360297221,0.015031576872608997,0.09750657794393262,Lying,Lying
5,0.7741175898640799,0.07186500059206286,0.013201560382596723,0.027988521484680274,0.014147488553972251,0.0986798391226079,Lying,Lying
6,0.7741175898640799,0.07186500059206286,0.013201560382596723,0.027988521484680274,0.014147488553972251,0.0986798391226079,Lying,Lying
7,0.7741175898640799,0.07186500059206286,0.013201560382596723,0.027988521484680274,0.014147488553972251,0.0986798391226079,Lying,Lying
8,0.7741175898640799,0.07186500059206286,0.013201560382596723,0.027988521484680274,0.014147488553972251,0.0986798391226079,Lying,Lying
9,0.8592271566427179,0.02828890611566175,0.03760154880656973,0.011387973309101289,0.03541581022262653,0.028078604903322816,Lying,Lying
10,0.9328289831993929,0.00406074656327431,0.023752097931889968,0.005440109132972411,0.027367179183302566,0.006550883989167821,Lying,Lying
11,0.9766983058684096,0.006599271717743905,0.0016495430361668948,0.001605745548814897,0.005165082157043941,0.008282051671820116,Lying,Lying
12,0.9742559754142006,0.003816247988825703,0.004134520344431832,0.0038256971274412293,0.0029510651765554383,0.011016493948544747,Lying,Lying
13,0.9753391242324381,0.003929717574222702,0.004072451624470992,0.0038280565869472593,0.0027048425530025585,0.010125807428918629,Lying,Lying
14,0.9763481466634463,0.0032808508362296373,0.003983025522525811,0.0035251498008586285,0.002853696377538436,0.010009130799401363,Lying,Lying
15,0.9765243300787958,0.0030423428705469136,0.004170819255807626,0.0038095374601143815,0.002471151843894965,0.009981818490840365,Lying,Lying
16,0.9780967492289989,0.002705448239512649,0.0042165266001242055,0.003498870420089092,0.002605777921487041,0.008876627589788305,Lying,Lying
17,0.9789203970340558,0.002518167366490957,0.004331126080931856,0.003274856721295507,0.003273625977357833,0.0076818268198679904,Lying,Lying
18,0.9791714917000709,0.002537914689587176,0.0041892338086221325,0.0033970306686541725,0.002374429880736498,0.008329899252329364,Lying,Lying
19,0.9773858000951022,0.0028309802407740815,0.004912100103223172,0.0034444959651268457,0.00279492175541281,0.008631701840360717,Lying,Lying
20,0.9800865377710635,0.002353677861417512,0.004408466725487731,0.0033963910244656313,0.0022202185615861642,0.007534708055979462,Lying,Lying
21,0.9801741590032501,0.0025820197126926393,0.004129213603011151,0.0029067940413142635,0.0030171229103427015,0.007190690729389229,Lying,Lying
22,0.9799606524881128,0.0023517409720146096,0.0044362789300972415,0.00341015961563532,0.00239526000183356,0.007445907992306553,Lying,Lying
23,0.9795213297104538,0.0023462225707466594,0.00468220566353092,0.003455516716222672,0.0027633007074523886,0.007231424631593583,Lying,Lying
24,0.9830206790744441,0.002708077683389807,0.0027402479867153634,0.002680103410396858,0.0018036899686937166,0.0070472018763602035,Lying,Lying
25,0.9775145444622544,0.0025370134708816374,0.004853281685480553,0.003686235288279959,0.0028491777586726118,0.008559747334430693,Lying,Lying
26,0.9775145444622544,0.0025370134708816374,0.004853281685480553,0.003686235288279959,0.0028491777586726118,0.008559747334430693,Lying,Lying
27,0.9775145444622544,0.0025370134708816374,0.004853281685480553,0.003686235288279959,0.0028491777586726118,0.008559747334430693,Lying,Lying
28,0.9775145444622544,0.0025370134708816374,0.004853281685480553,0.003686235288279959,0.0028491777586726118,0.008559747334430693,Lying,Lying
29,0.9808196070854799,0.0022833898599148167,0.00425122480938073,0.003190895767619563,0.0025534944560765623,0.0069013880215287255,Lying,Lying
30,0.9802481771291827,0.0024130015924854094,0.004331009116784649,0.003147192900082638,0.0026375390073102847,0.007223080254154322,Lying,Lying
31,0.9433936954989429,0.004900680213861416,0.0188820600451973,0.004501840731050285,0.02308830789284718,0.0052334156181005976,Lying,Lying
32,0.0012463162549210644,0.3763618002427377,0.0018824950686237105,0.00893283874823575,0.0012940487015457934,0.610282500983936,Wheeling,Sitting
33,0.0011097629001766119,0.3548651113846308,0.0022758640181666143,0.0028256463845802164,0.000907579407596118,0.6380160359048497,Wheeling,Sitting
34,0.0014943976020575197,0.48916138592543257,0.01590960660453265,0.00882617212251385,0.009621522114996332,0.47498691563046735,Sitting,Sitting
35,0.0017508202974444093,0.46077706184850536,0.02922138003396038,0.025308432570859775,0.023127499694390215,0.4598148055548394,Sitting,Sitting
36,0.0011401596132831968,0.3895770713471959,0.0078007984960244805,0.005440550906772269,0.006833431522464295,0.5892079881142601,Wheeling,Sitting
37,0.009889179732381626,0.18025703034750526,0.2351029268032824,0.18113197502318062,0.23968328928263755,0.1539355988110127,StairClimbing,Sitting
38,0.0020711743382538506,0.0014112344811825985,0.001637777786842043,0.9687099655580058,0.02509952409571769,0.0010703237399981743,Standing,Sitting
39,0.004737516826577774,0.41678040369639047,0.1005401281588247,0.07501687717057715,0.03629281786423598,0.3666322562833941,Sitting,Sitting
40,0.0012354373126525632,0.3208741156160796,0.0015637490383694885,0.0007778633126941101,0.0023073851688179188,0.6732414495513869,Wheeling,Sitting
41,0.0009727956985258484,0.3319863091752687,0.0019145118260090687,0.005016153759510163,0.0017008370651871339,0.658409392475499,Wheeling,Sitting
42,0.000994977951199825,0.33790532093077996,0.0012125330124410096,0.0023316893784465368,0.0016435991352939823,0.6559118795918385,Wheeling,Sitting
43,0.0016157448262618395,0.4235987987176183,0.045083597773870714,0.02915239414327047,0.02143240669124606,0.47911705784773245,Sitting,Sitting
44,0.001094728845724775,0.33399715419655773,0.0018597576673721448,0.007854292193102916,0.0008148216450689082,0.6543792454521737,Wheeling,Sitting
45,0.0015285116122472733,0.3231230721386115,0.006060620254684136,0.002848956164919215,0.0022044481751039057,0.6642343916544339,Wheeling,Sitting
46,0.002241464413468319,0.30756802928760035,0.0062108338211949886,0.010042510140175553,0.00619123520617297,0.6677459271313879,Wheeling,Sitting
47,0.002144329474414354,0.3046363683081131,0.0021853239826434005,0.002687595686067296,0.003319111099954358,0.6850272714488075,Wheeling,Sitting
48,0.0022953803861832166,0.31410033061585174,0.0020637569175691968,0.007138023187324782,0.0022467562542122154,0.6721557526388585,Wheeling,Sitting
49,0.0022591152910266163,0.3079144975347456,0.0020927725547350453,0.00688022012294555,0.0012937340279695951,0.6795596604685779,Wheeling,Sitting
50,0.0024761753387654334,0.3234767942526134,0.002850152085329779,0.005996537595412619,0.0031290039102284425,0.6620713368176506,Wheeling,Sitting
51,0.0018076534128648716,0.3019319324171089,0.011002878918028182,0.0071538460387934166,0.02335194742418789,0.6547517417890165,Wheeling,Sitting
52,0.008082675659523857,0.30426467767775284,0.05495791524512346,0.19127601645827283,0.0849908414110423,0.35642787354828454,Sitting,Sitting
53,0.0012057784579311513,0.045326135127644086,0.00740794979945219,0.8438038366734393,0.0021981676867837184,0.10005813225474956,Standing,Sitting
54,0.0028071001938836074,0.17583454044997196,0.022542000039227315,0.6412629843588975,0.02199541790513368,0.1355579570528863,Standing,Sitting
55,0.0020734848179199033,0.2219804086279118,0.09206567801143493,0.2050464684882542,0.05912934348066527,0.4197046165738138,Standing,Sitting
56,0.0034004032410130725,0.26407817097862685,0.04849703377116994,0.013932370704392731,0.021637012891983755,0.6484550084128138,Wheeling,Sitting
57,0.0018590101862260952,0.2909043671144535,0.009207364265988562,0.049265400490962515,0.004049342622907049,0.6447145153194622,Wheeling,Sitting
58,0.001893032474320225,0.2575190001193045,0.03470292356408884,0.2294521014978911,0.022809910895116536,0.4536230314492788,Standing,Sitting
59,0.0023687635842920833,0.1842962260294632,0.0493557163895934,0.4721457301722731,0.024110051550672775,0.26772351227370556,Standing,Sitting
60,0.004163402419890424,0.26252967993954157,0.0328313193657618,0.3766527638790287,0.02398471655412853,0.29983811784164877,Standing,Sitting
61,0.00235838282352318,0.21070055567649731,0.019736502482854808,0.44989634274535373,0.010474833476046776,0.30683338279572375,Standing,Sitting
62,0.0033357473404527762,0.25998093682663026,0.045435470844719425,0.2607291532817561,0.03219451871964543,0.39832417298679595,Standing,Sitting
63,0.008044996131172136,0.3062395079584817,0.08791546366675686,0.010245770919444574,0.1280626797967111,0.45949158152743336,Wheeling,Sitting
64,0.00922298617379614,0.24196481860754848,0.2382977910709256,0.023517008001994195,0.2253441759548864,0.26165322019084913,Sitting,Sitting
65,0.003059625848767879,0.0018728606652481147,0.32187165174387555,0.48695320804777714,0.1826984652655422,0.0035441884287894477,Standing,Standing
66,0.0016124220231561227,0.010570813438750453,0.04411989635255439,0.8753858736012715,0.057994672976103494,0.010316321608163773,Standing,Standing
67,0.0021824922571848245,0.00592809848161357,0.022713029252980133,0.9087278936017411,0.05536076333435209,0.00508772307212844,Standing,Standing
68,0.002248955824307683,0.04027328700567834,0.012275856417619928,0.8043289270826152,0.00918798203056442,0.13168499163921452,Standing,Standing
69,0.0015999245940948315,0.09597188445294964,0.008994126075942327,0.7420322806535861,0.011869285940806064,0.13953249828262107,Standing,Standing
70,0.0038378542077518872,0.19316096176244668,0.01161594180988699,0.6087786751934565,0.019582336553431764,0.163024230473026,Standing,Standing
71,0.0013763784871138728,0.1035453542504464,0.006671714265275137,0.7084132374673114,0.004260048311383739,0.1757332672184696,Standing,Standing
72,0.001400999634541597,0.1272822770865295,0.012543725015513532,0.6165778407878028,0.006209993699495456,0.2359851637761171,Standing,Standing
73,0.0015562572703261522,0.10110205850227491,0.01200852747961982,0.6759117292600552,0.014469784054306899,0.19495164343341692,Standing,Standing
74,0.0013028856723316024,0.09099518453199071,0.014346379518259718,0.6794924192144438,0.00839574773921497,0.20546738332375958,Standing,Standing
75,0.0012957697504283057,0.16060244789690803,0.01812206511544438,0.4744860581454406,0.016225295526449586,0.3292683635653288,Standing,Standing
76,0.0012984588081530698,0.07640416312793909,0.007876289647323217,0.8187381286665393,0.004550860737846938,0.09113209901219828,Standing,Standing
77,0.018384797165572894,0.35463433188628846,0.0559924283683044,0.31023383668704435,0.03792929385879354,0.22282531203399591,Standing,Standing
78,0.001653977316338005,0.019407784367695188,0.10934537589484512,0.7194026370136068,0.1271237139824312,0.023066511425083945,Standing,Standing
79,0.002979898195200321,0.05091216936036983,0.17647852184596374,0.36853322648957704,0.34996338187671605,0.05113280223217293,Standing,Standing
80,0.0021960767384990297,0.07554864310049209,0.026671761829364513,0.7392679179181247,0.02760935028089989,0.12870625013261938,Standing,Standing
81,0.002550755816600501,0.0904711240254846,0.02121583836995495,0.6991527432873477,0.02542857257819325,0.16118096592241937,Standing,Standing
82,0.0021527524172088946,0.04445822623749199,0.013482494410181489,0.8174963652093247,0.007824570096895255,0.11458559162889743,Standing,Standing
83,0.0016760604454995407,0.03860847164234828,0.008954922176090886,0.8850788405374476,0.004622352033797511,0.06105935316481611,Standing,Standing
84,0.0016517125339797656,0.012621366641152865,0.009357444446819763,0.9498842904622384,0.006427725637660079,0.02005746027814918,Standing,Standing
85,0.0025283725917412004,0.07132135004096127,0.01281651090658882,0.750376386816251,0.008267403114070494,0.15468997653038744,Standing,Standing
86,0.0023187369725460004,0.09318817956417864,0.026989810178034136,0.7049750410588368,0.02310396414484034,0.14942426808156392,Standing,Standing
87,0.0021104846336680635,0.02614972753109376,0.06081091093176871,0.7781657293884138,0.04658253392056132,0.08618061359449426,Standing,Standing
88,0.002702906666859099,0.06125605758439492,0.011009743408088175,0.7923280769419156,0.008790707780492886,0.12391250761824932,Standing,Standing
89,0.0028780337464112834,0.0926671079774428,0.03665501339050492,0.6481117221676742,0.02798455661903352,0.1917035660989334,Standing,Standing
90,0.0020376474260477475,0.037244132490081655,0.012869018266356657,0.8793013852190465,0.010304657349444536,0.05824315924902308,Standing,Standing
91,0.0016507913363356095,0.034035103382417345,0.011173261754153395,0.8936965110254945,0.006489411761870431,0.052954920739728996,Standing,Standing
92,0.0017165463863556116,0.012890018208012164,0.006807798128399575,0.9439072485262868,0.0028518253789123304,0.03182656337203336,Standing,Standing
93,0.0014982970778064388,0.021470146155105303,0.021290790739328325,0.9047367995174675,0.01476802230307863,0.03623594420721407,Standing,Standing
94,0.0016923450120314688,0.04493880937437127,0.011912453767982277,0.8736442384311071,0.01070851180894023,0.05710364160556758,Standing,Standing
95,0.0022645069017257786,0.05235739168059987,0.010404413031691043,0.8325752080779532,0.0074650095212162905,0.09493347078681366,Standing,Standing
96,0.0021875412549863076,0.05696411140998629,0.027819020450041677,0.7572454091738572,0.024391582254525337,0.13139233545660312,Standing,Standing
97,0.0022631351265859807,0.060064484201156725,0.011455125062082095,0.8179896326227761,0.015264881547829755,0.09296274143956891,Standing,Standing
98,0.0022962514505951367,0.09233340469846593,0.021374854890083058,0.7496234296161652,0.030369560193145666,0.10400249915154475,Standing,Standing
99,0.016118204465963182,0.37038291414390856,0.12660317254456813,0.21166294152914777,0.05261454658712339,0.22261822072928922,Sitting,Standing
100,0.0020025952786002416,0.047503441023988895,0.01171467023636509,0.8473924989948004,0.010665218542806928,0.08072157592343841,Standing,Standing
101,0.002007108777143599,0.26361971621703717,0.018097802311483564,0.4632511780982404,0.019166168759680715,0.23385802583641482,Standing,Standing
102,0.003068229317465172,0.21927504691423458,0.03979597222628033,0.5730932968146246,0.049345796275707114,0.11542165845168814,Standing,Standing
103,0.0024864061740749793,0.24849094963808935,0.029420830734500254,0.5483190268433799,0.025347162272840475,0.14593562433711474,Standing,Standing
104,0.002436369553649547,0.18329084711380655,0.01058240930500485,0.7261628122876758,0.009597336080708462,0.0679302256591546,Standing,Standing
105,0.002654004438328222,0.2535752014463456,0.026004877410613022,0.5439437831914826,0.022713310132126643,0.15110882338110415,Standing,Standing
106,0.005292777593278758,0.31207333625087297,0.048552185566757236,0.482122221686382,0.05502572117277085,0.09693375772993777,Standing,Standing
107,0.001574556154429198,0.11229821523320431,0.0124701061254542,0.8173364327560351,0.008462889457775841,0.04785780027310142,Standing,Standing
108,0.0016315465738923848,0.01616836129996107,0.015419192031614183,0.9007986769655014,0.03548864278780457,0.030493580341226546,Standing,Standing
109,0.003977015324410421,0.3193326077467599,0.06185197791991077,0.3320819695359793,0.05706431763093185,0.22569211184200752,Standing,Standing
110,0.00466802173159829,0.12212894487827952,0.11942813259175739,0.47576950509026306,0.08237205480618534,0.19563334090191642,Standing,Standing
111,0.0016731885305202895,0.022411940937552673,0.008375966257489148,0.9399496869366251,0.007475154096927003,0.020114063240885237,Standing,Standing
112,0.0021015949778784133,0.060966356763388886,0.06733384254831984,0.7077497768223829,0.06891645079225986,0.0929319780957701,Standing,Standing
113,0.0017540165803843486,0.016520672962451077,0.010724597856880328,0.928669403712924,0.0070571287055081824,0.03527418018185227,Standing,Standing
114,0.0020660406324020004,0.10888291804290612,0.04525202641729197,0.7158606302489595,0.0661387345422279,0.06179965011621252,Standing,Standing
115,0.002996057033809342,0.08220640258473977,0.08142776703826993,0.6148802535265024,0.06851299395218054,0.14997652586449803,Standing,Standing
116,0.001705826240623579,0.23393796600062458,0.02136491300347299,0.4654407761883281,0.013191979978621492,0.2643585385883292,Standing,Standing
117,0.002105034838321321,0.1493779628362108,0.03200970984290906,0.5883188530223974,0.013426259216147138,0.2147621802440142,Standing,Standing
118,0.002359306844828572,0.09050545595062152,0.01868075376644338,0.804833115854385,0.027888364495966402,0.05573300308775524,Standing,Standing
119,0.0018622139586465351,0.04397876621039149,0.019074442107402573,0.843963529213319,0.014184151032861747,0.0769368974773784,Standing,Standing
120,0.0014215927470148247,0.011944120356388309,0.020118272812524388,0.941006170604424,0.01569960981454585,0.00981023366510277,Standing,Standing
121,0.0019323088776033268,0.016199947836852562,0.007916222185623453,0.9484472075426138,0.023172492190528096,0.002331821366778734,Standing,Standing
122,0.0022554443725048856,0.1797663867487401,0.07006626452808486,0.5355053742647188,0.06917177806961529,0.1432347520163364,Standing,Standing
123,0.0026266759479748178,0.2664791983413005,0.07884740252331991,0.42222752946915787,0.08514810553584666,0.14467108818240015,Standing,Standing
124,0.0017765385705634212,0.3135923160909902,0.08996254020854337,0.3293853689197021,0.05713852365527857,0.2081447125549225,Standing,Standing
125,0.004167555757903033,0.1936439125519963,0.1343711000619763,0.5753565571285186,0.031621350976023484,0.06083952352358215,Standing,Standing
126,0.0018277799055772574,0.20975911965820976,0.03129075747608184,0.642562008284593,0.015917859308034313,0.09864247536750415,Standing,Standing
127,0.0014555861186407537,0.03891131112276523,0.028551233250152394,0.8619402464965187,0.027369618817655574,0.04177200419426721,Standing,Standing
128,0.002103965969765145,0.21787645474405584,0.032178993175164976,0.5829020508881958,0.04412219543493164,0.12081633978788697,Standing,Standing
129,0.0013852047769592328,0.04030128520912893,0.015595893126608187,0.8954913769801766,0.008565045150280877,0.03866119475684663,Standing,Standing
130,0.0014508252354973694,0.051126840547409465,0.01783994563281504,0.8687844355639022,0.009574506389480375,0.05122344663089575,Standing,Standing
131,0.0009261808944215894,0.0022513047762840713,0.008172257648634483,0.9875810078185105,0.0005591077418747601,0.0005101411202744911,Standing,Standing
132,0.0018581144897751845,0.041312100945170654,0.014337849287411053,0.8959253250382735,0.014678331526551278,0.03188827871281872,Standing,Standing
133,0.0016118882770347752,0.11244058931865746,0.017842499903480528,0.757404356384396,0.00961309426592968,0.10108757185050118,Standing,Standing
134,0.0015626487398925724,0.10894655142318452,0.016653213207092454,0.819578546571197,0.008123669119108968,0.04513537093952434,Standing,Standing
135,0.001754676282709029,0.24944650020601727,0.03776817509864212,0.5112337562203252,0.04397542101061386,0.1558214711816926,Standing,Standing
136,0.0016593481957048624,0.11484865361352509,0.029287711365751232,0.7839590773083704,0.01571065937178561,0.0545345501448622,Standing,Standing
137,0.0017189942957374223,0.07639787967336457,0.019016875889859237,0.8238632972009347,0.020593137294776253,0.058409815645327906,Standing,Standing
138,0.0017360944384985553,0.043513491610828244,0.026816365376300295,0.8476892798768313,0.051643311558244906,0.02860145713929654,Standing,Standing
139,0.0015070972314055213,0.043882427283477014,0.0065714432743158085,0.8829943613751401,0.0035931067521284814,0.06145156408353277,Standing,Standing
140,0.001877283895116106,0.09001049002179727,0.03052919959983553,0.8011021751295622,0.03821095354034716,0.03826989781334163,Standing,Standing
141,0.005208929339464432,0.27835632366093743,0.1557562039804671,0.2132854028545233,0.22642152690305983,0.12097161326154808,Standing,Standing
142,0.0018599302568441632,0.0016592736412706084,0.35462717764136925,0.004819726389584958,0.6358499209365283,0.0011839711344023688,Walking,Standing
143,0.0015720126329136265,0.34278581855840956,0.002657466246140504,0.001528855364821886,0.0018903424413452773,0.6495655047563694,Wheeling,Wheeling
144,0.0016025825209042,0.3740090623130437,0.002860436031382942,0.0018539486377816949,0.0013197242110312912,0.6183542462858562,Wheeling,Wheeling
145,0.0015519501271776953,0.3564365396961925,0.0029032889378489504,0.002201075232697755,0.0019237175274542187,0.634983428478629,Wheeling,Wheeling
146,0.0017566809152849334,0.3683740083532802,0.004193101479108797,0.001953584346690485,0.0033113668178850627,0.6204112580877508,Wheeling,Wheeling
147,0.0015305305542829132,0.3511232803862774,0.0027812609540506183,0.002122235660593732,0.002013178998991877,0.6404295134458037,Wheeling,Wheeling
148,0.001676335703579079,0.3557597346392742,0.0032914512229065547,0.002775159766034032,0.0019440715906259322,0.6345532470775804,Wheeling,Wheeling
149,0.0015510682638073176,0.3635570673818125,0.0026551930404428215,0.0011381794440122371,0.0016846057161835333,0.6294138861537416,Wheeling,Wheeling
150,0.0016170581653363208,0.3705135776659425,0.0033478777485191962,0.003139350570941363,0.0018066458062209782,0.6195754900430398,Wheeling,Wheeling
151,0.0017103425943644887,0.3643775764924083,0.0029253134031960847,0.0031492481652339254,0.0025916347941764154,0.6252458845506202,Wheeling,Wheeling
152,0.0015950545785138356,0.3636887332331048,0.003943198106162919,0.0030249355159135734,0.0033737346667249554,0.6243743438995799,Wheeling,Wheeling
153,0.0016745871238306646,0.37833971197904837,0.0022283883327205846,0.002695597380831353,0.0012159747986991525,0.6138457403848696,Wheeling,Wheeling
154,0.0016285428163407276,0.3862300069732517,0.002431245071847353,0.0031497186695591344,0.001032569198135701,0.6055279172708655,Wheeling,Wheeling
155,0.001476867335381525,0.3603404018848479,0.003753670357878936,0.002176268548654526,0.001532852740732855,0.6307199391325047,Wheeling,Wheeling
156,0.001688581785734043,0.3814751748636842,0.0019081443636729159,0.0031877748295898694,0.0006482314926528368,0.6110920926646661,Wheeling,Wheeling
157,0.0014478576590983313,0.381558508164292,0.0026569555781827425,0.00163713903483093,0.0015506562245464516,0.6111488833390493,Wheeling,Wheeling
158,0.001613109199454184,0.3610207749322029,0.0022410965179468527,0.0016091026892227835,0.0014440584840461688,0.6320718581771276,Wheeling,Wheeling
159,0.0016300223205969716,0.3467867154062368,0.0019573186402200753,0.0022943457318679015,0.0011666452518968935,0.6461649526491821,Wheeling,Wheeling
160,0.00176232264315619,0.3631438785886832,0.001372885369102795,0.0018840964225238048,0.0010851752040572924,0.6307516417724764,Wheeling,Wheeling
161,0.0017526470711793814,0.3682377890356957,0.0013834662700011925,0.0016708908322191018,0.0016318499018067565,0.6253233568890977,Wheeling,Wheeling
162,0.0017372222668386632,0.35121242221619925,0.0023817513852961237,0.002899711821181988,0.003500053746933865,0.6382688385635501,Wheeling,Wheeling
163,0.0016125328819429766,0.37976357467962985,0.001436866518778503,0.00218724444646108,0.0008809342251044131,0.6141188472480831,Wheeling,Wheeling
164,0.0016710996701667085,0.35147397834899663,0.001589778475026452,0.0022987847176629684,0.0016228450246181432,0.6413435137635292,Wheeling,Wheeling
165,0.0017542984827283302,0.34996651903083265,0.0018278216419704881,0.002147540476684534,0.0017979188927680077,0.6425059014750162,Wheeling,Wheeling
166,0.001531081728055646,0.3556787914882891,0.0022343628958076444,0.00264120687475602,0.0033592448063660394,0.6345553122067256,Wheeling,Wheeling
167,0.0017289265418164018,0.375981147206658,0.001571565945872427,0.003138215242588475,0.0011232995153995986,0.6164568455476653,Wheeling,Wheeling
168,0.0017272729919323524,0.3549416903887008,0.002122379905633717,0.002513985707341321,0.001503637909098635,0.6371910330972933,Wheeling,Wheeling
169,0.0017221255225680669,0.3596077588783072,0.0016966000336539858,0.002306070014188295,0.0012418685179822137,0.6334255770333004,Wheeling,Wheeling
170,0.0017133841218931114,0.35324471765964405,0.0019268579460139231,0.0019246067872444842,0.0017424818736257914,0.6394479516115785,Wheeling,Wheeling
171,0.0017666942261574956,0.35768519741721455,0.0024019450755086947,0.0025632926607957584,0.0026042452195593744,0.6329786254007641,Wheeling,Wheeling
172,0.0017262933969610836,0.34743543791725173,0.0019072398772612287,0.0020488179820287197,0.0016116321450395717,0.6452705786814577,Wheeling,Wheeling
173,0.0012760909936227684,0.0005048105052009577,0.16006833729906947,0.00021907789188661735,0.8378297464776303,0.0001019368325897526,Walking,Walking
174,0.0017797459157591422,0.005579220622251794,0.22876600711203315,0.0015050586433231706,0.7615051161586138,0.0008648515480190897,Walking,Walking
175,0.002272025737669459,0.022232467109402458,0.2915846703412903,0.015387227088606851,0.658084165436566,0.010439444286465068,Walking,Walking
176,0.0020592261815130944,0.017529169239656955,0.41699845499542165,0.03436672748006078,0.5120765750153502,0.016969847087997345,Walking,Walking
177,0.0011817707942169673,0.0006255939863496256,0.325937847493067,0.0007574205844716424,0.6713543402158109,0.00014302692608395728,Walking,Walking
178,0.0016082296089955578,0.0030635243079086896,0.17656088414815166,0.0014890941998490451,0.8167216945218289,0.0005565732132662396,Walking,Walking
179,0.002034511962877462,0.012257131487328404,0.1961263059034606,0.004368297732329053,0.7829671432084153,0.0022466097055892477,Walking,Walking
180,0.0016882666367053786,0.0035083113126176944,0.1573572624601756,0.0009009635352070194,0.8354051190338012,0.0011400770214931803,Walking,Walking
181,0.00213491967974231,0.007329373037293126,0.16942072972898592,0.0023512185833356523,0.8174672906891552,0.0012964682814875037,Walking,Walking
182,0.0022320891973337384,0.004905114513185542,0.1530406865253988,0.0009941688264927786,0.8375388458034134,0.0012890951341757676,Walking,Walking
183,0.001579759434824761,0.00881565989055971,0.18533458491756727,0.0024229958049974167,0.7989456933445277,0.0029013066075235633,Walking,Walking
184,0.0016140765699789166,0.007464302005623274,0.17921289738386004,0.003879074996971723,0.8058837914318313,0.0019458576117346246,Walking,Walking
185,0.00296400825675834,0.02493067188189955,0.4120377020271014,0.012217851352759988,0.5389720905039895,0.008877675977491043,Walking,Walking
186,0.0008303054744589016,0.0001920782637522711,0.10725135309874682,5.9903436979113456e-05,0.8916396420029448,2.6717723118023948e-05,Walking,Walking
187,0.00265601693715438,0.00684418177608765,0.16262631529710875,0.0016271461609927795,0.8246429706795825,0.0016033691490738766,Walking,Walking
188,0.0018310944692783253,0.006895061465778639,0.2400825582420373,0.0038452732276835397,0.7454509686090506,0.0018950439861715475,Walking,Walking
189,0.001755403583215114,0.005442006073747514,0.16688710800823203,0.0018508730302036526,0.822962367724253,0.0011022415803484341,Walking,Walking
190,0.0016149457065728502,0.003737709972031482,0.2754465521436274,0.0014410362337075376,0.7171229587471124,0.0006367971969482038,Walking,Walking
191,0.0019929196878671865,0.005019965180709087,0.23779863224298786,0.0018599364777572448,0.7520801888413178,0.0012483575693611297,Walking,Walking
192,0.0019526147920624214,0.007012800598605297,0.18032954581813426,0.004015268767272051,0.8050545188115478,0.0016352512123782219,Walking,Walking
193,0.0019256992001633626,0.01123803310727988,0.34460591862272644,0.008190717776346642,0.6298276212495347,0.004212010043949051,Walking,Walking
194,0.0027744554118021964,0.0355485800047304,0.17254898891524506,0.504145309134767,0.2746638036991672,0.010318862834288609,Standing,Walking
195,0.0018528317986866037,0.376573675723493,0.004827084370809668,0.005457567290185589,0.012489307664728659,0.5987995331520963,Wheeling,Sitting
196,0.0016429949473089748,0.3324914751225657,0.0008085156422936065,0.0016713582070806967,0.0007031631653959289,0.6626824929153552,Wheeling,Sitting
197,0.001478649158173081,0.3528498907411808,0.0012080969567292404,0.000837460410475628,0.0017118029062857102,0.6419140998271553,Wheeling,Sitting
198,0.0016070350855580675,0.3429464462417804,0.0012815408602490927,0.0026250951231425916,0.0016992111482282827,0.6498406715410415,Wheeling,Sitting
199,0.0015684584970788269,0.3415630606641019,0.0007319596738233484,0.002234745409131949,0.0006235246850744965,0.6532782510707893,Wheeling,Sitting
200,0.0018441095520593607,0.27693680008766947,0.0029635046851247716,0.001551483865655511,0.009011771864242197,0.7076923299452489,Wheeling,Sitting
201,0.0015279491677268405,0.1520923686115744,0.0006810694475519687,0.004221902554637621,0.0007456749835184095,0.8407310352349908,Wheeling,Sitting
202,0.0015279491677268405,0.1520923686115744,0.0006810694475519687,0.004221902554637621,0.0007456749835184095,0.8407310352349908,Wheeling,Sitting
203,0.0015279491677268405,0.1520923686115744,0.0006810694475519687,0.004221902554637621,0.0007456749835184095,0.8407310352349908,Wheeling,Sitting
204,0.0015279491677268405,0.1520923686115744,0.0006810694475519687,0.004221902554637621,0.0007456749835184095,0.8407310352349908,Wheeling,Sitting
205,0.00132777007646342,0.12409806627411782,0.001094779356778694,0.0008327513525640841,0.000935431692101034,0.8717112012479746,Wheeling,Sitting
206,0.0013138091226767383,0.2535168353536915,0.002258370290953236,0.0014169093571651393,0.0009081927410269026,0.7405858831344867,Wheeling,Sitting
207,0.0017211943292986742,0.4213260582591872,0.006200384278549111,0.006619496429580819,0.0042874610705853425,0.5598454056327989,Wheeling,Sitting
208,0.002055308099152865,0.5694770651045228,0.017179818170950528,0.012282086712666408,0.017452467796709777,0.3815532541159975,Sitting,Sitting
209,0.001790466508085071,0.12355964512832886,0.00043477980151875056,0.0015735222133433082,0.0004902044290629681,0.8721513819196611,Wheeling,Sitting
210,0.001669823842488406,0.1344051781826632,0.0008487481362704727,0.0007098386808296349,0.0007981207443087576,0.8615682904134399,Wheeling,Sitting
211,0.0018893725048610738,0.5069935938293049,0.0014581828750937459,0.0014740307858742202,0.00018964796014785105,0.48799517204471804,Sitting,Sitting
212,0.0021627732254101526,0.1191127567077404,0.0007039916976100617,0.00024382238653840462,0.0008176481406772307,0.8769590078420241,Wheeling,Sitting
213,0.001804472700584119,0.1280917212016799,0.00024354382071238166,4.159608395092538e-05,8.48621454475558e-05,0.8697338040476249,Wheeling,Sitting
214,0.0017710114120381075,0.07417858471391246,0.00015654557975735441,8.047075539042246e-05,7.881568363024407e-05,0.9237345718552715,Wheeling,Sitting
215,0.0018429572739954135,0.08410503445713159,0.00018601009488566572,0.00011579873664615338,0.00012351405465975247,0.9136266853826814,Wheeling,Sitting
216,0.001795171712501209,0.07749824857244651,0.00019224694339969498,9.077522934427145e-05,0.00014133615801610808,0.9202822213842925,Wheeling,Sitting
217,0.0018020227137783313,0.09079007116682487,0.0001673867331650731,9.777034107984513e-05,0.0001302326289768127,0.9070125164161749,Wheeling,Sitting
218,0.001845542258419918,0.04708642329917581,0.00043869594486836987,0.00019685841159179166,0.0003085695466018037,0.9501239105393423,Wheeling,Sitting
219,0.001845542258419918,0.04708642329917581,0.00043869594486836987,0.00019685841159179166,0.0003085695466018037,0.9501239105393423,Wheeling,Sitting
220,0.001845542258419918,0.04708642329917581,0.00043869594486836987,0.00019685841159179166,0.0003085695466018037,0.9501239105393423,Wheeling,Sitting
221,0.001845542258419918,0.04708642329917581,0.00043869594486836987,0.00019685841159179166,0.0003085695466018037,0.9501239105393423,Wheeling,Sitting
222,0.001845542258419918,0.04708642329917581,0.00043869594486836987,0.00019685841159179166,0.0003085695466018037,0.9501239105393423,Wheeling,Sitting
223,0.0020392202624699707,0.17660434954459006,0.002182394530236962,0.001225753358968226,0.002484865208461305,0.8154634170952735,Wheeling,Sitting
224,0.0017611545820722739,0.6166214799651198,0.001173359791147126,0.000602425957542406,0.00018230879222256847,0.379659270911896,Sitting,Sitting
225,0.0018230872580620944,0.28829072358165253,0.0037864449881067296,0.0011811302275804656,0.0030504261126265042,0.7018681878319719,Wheeling,Sitting
226,0.0018122221375357324,0.1238341739994991,0.0006287931473384689,0.0011971872796832607,0.0005781141566961968,0.8719495092792472,Wheeling,Sitting
227,0.0019043426781697845,0.19186016891893867,0.000905404962257194,0.0006189455564636652,0.00046013736785825753,0.8042510005163122,Wheeling,Sitting
228,0.0018552422958999179,0.13076566134768286,0.0005140952835094767,0.001237171480267539,0.000349862180282634,0.8652779674123576,Wheeling,Sitting
229,0.0017997802722646901,0.26319502268909384,0.0018592728248724402,0.0020745936376127608,0.0017737614639016872,0.7292975691122547,Wheeling,Sitting
230,0.0014918750026001277,0.19614940834820693,0.00406096597611209,0.0014421228052540333,0.0049806655812231065,0.7918749622866035,Wheeling,Sitting
231,0.0016459039018741142,0.1916700641020395,0.00247914267602178,0.0011111803056545531,0.0014131978895183018,0.8016805111248924,Wheeling,Sitting
232,0.0017629562604402874,0.3201776196355777,0.015340725039580599,0.013648498338797473,0.01961829604845689,0.6294519046771468,Wheeling,Sitting
233,0.0017252671705046921,0.38547155905760677,0.023441693604404866,0.05154936495422946,0.03998414796954276,0.49782796724371114,Wheeling,Sitting
234,0.0021624199780735038,0.35197902446721047,0.022501290127100018,0.1750768180803683,0.028010884563932296,0.42026956278331556,Sitting,Sitting
235,0.001699665332422915,0.30121783175764055,0.023178598967967756,0.14549447429958584,0.017896050204922125,0.5105133794374609,Sitting,Sitting
236,0.002238131010884201,0.307273213529214,0.011943853314649117,0.12027642865114266,0.007852455506747772,0.5504159179873622,Sitting,Sitting
237,0.001970710144706298,0.32135905862773867,0.019341376308172065,0.11951168013818443,0.015708410062113022,0.5221087647190853,Sitting,Sitting
238,0.001845038085511432,0.364944127158008,0.004747706928475318,0.04739683925524786,0.003705560304788071,0.5773607282679691,Wheeling,Sitting
239,0.001955791413792887,0.3187959032547581,0.01241411393344408,0.15291806695841878,0.01076065703153938,0.5031554674080465,Sitting,Sitting
240,0.003278405730872332,0.45239673319863183,0.010733934837513616,0.12329771033978791,0.005529779764629364,0.40476343612856497,Sitting,Sitting
241,0.0031380547025566547,0.1356583320009574,0.06990480263902313,0.5502410236093708,0.11850481503935696,0.12255297200873513,Standing,Sitting
242,0.0016219487820565688,0.02201808816936864,0.013175812733932823,0.8745548709053075,0.020359617437545732,0.06826966197178876,Standing,Sitting
243,0.001682354828208616,0.025510108624003238,0.010014471115099143,0.8458633682101547,0.006144614380673371,0.1107850828418606,Standing,Sitting
244,0.002704954522910799,0.035316806144731316,0.015789459605883224,0.7498554158538027,0.012956683478280849,0.18337668039439126,Standing,Sitting
245,0.006431603792501992,0.2684893746688948,0.045683057306554836,0.28378001304927325,0.31126761949742915,0.08434833168534576,Standing,Sitting
246,0.0014142645443498605,0.44663957649875013,0.006192374467795267,0.0022886683617117857,0.0043204414773172295,0.5391446746500754,Wheeling,Wheeling
247,0.0012845903285052908,0.456448391482971,0.001929860534049319,0.002907578907057945,0.0011188888090530834,0.5363106899383633,Wheeling,Wheeling
248,0.0011962424507659334,0.43572034356075456,0.003964467118680827,0.0016959113726222105,0.0029227987406813404,0.5545002367564951,Wheeling,Wheeling
249,0.001647301538328373,0.4164152056346042,0.002308833057176348,0.0006759917156428475,0.000871507668157199,0.578081160386091,Wheeling,Wheeling
250,0.0013808425053753832,0.43304683723522,0.001160343002125993,0.00047782296995475094,0.0005795746349294784,0.5633545796523942,Wheeling,Wheeling
251,0.001266803307960513,0.44906821969085825,0.003253351295411259,0.0017747739338093641,0.002437109189382891,0.5421997425825781,Wheeling,Wheeling
252,0.0012162367507641254,0.42992409408509585,0.0020613611386001104,0.0015474658962000769,0.0012097706864542899,0.5640410714428858,Wheeling,Wheeling
253,0.0012586899039330449,0.43861902861629376,0.002717459702515327,0.001321301761063728,0.0015668100778662504,0.5545167099383284,Wheeling,Wheeling
254,0.0014691156876657618,0.4329052548136693,0.0026227645854660048,0.0016172034675569474,0.001523374386343124,0.5598622870592991,Wheeling,Wheeling
255,0.0013861173506715485,0.4286064737306561,0.0023385927977065345,0.0013668141540675628,0.0012277187925005422,0.5650742831743977,Wheeling,Wheeling
256,0.0013167904120887984,0.4251983259543556,0.0019761791317255994,0.0011515012539679889,0.0014263399877692952,0.5689308632600922,Wheeling,Wheeling
257,0.0013751755407804761,0.42741941570742314,0.0029010870467937634,0.001922790252550901,0.0009974018857974352,0.5653841295666542,Wheeling,Wheeling
258,0.001438513802101536,0.42747442999922736,0.0038228032090364687,0.001672518304739147,0.0022786486680796718,0.5633130860168154,Wheeling,Wheeling
259,0.0013697221283898778,0.4391996006352454,0.0021726638431695607,0.0023911811163189797,0.0021755514030994036,0.552691280873777,Wheeling,Wheeling
260,0.0013164765092889342,0.4323458820140403,0.002015804423577002,0.0018595380197416675,0.0011889906281807026,0.5612733084051711,Wheeling,Wheeling
261,0.0014828636061666465,0.424827603740243,0.005147893356979303,0.001536420579325717,0.002056385123176113,0.5649488335941091,Wheeling,Wheeling
262,0.0020772102739887643,0.4461140628513236,0.008142964368048204,0.0012016249293618395,0.005121296882507004,0.5373428406947706,Wheeling,Wheeling
263,0.0014776340535743093,0.4560229698852321,0.004317574832829245,0.001268569755313183,0.0032897453530023103,0.5336235061200485,Wheeling,Wheeling
264,0.0014231170411948787,0.4511370587991112,0.0033828701912228284,0.004154933458020013,0.002056011861156003,0.537846008649295,Wheeling,Wheeling
265,0.0011616385856428994,0.4292119027259238,0.0021860194726453764,0.0012255152756654086,0.0012038126384596795,0.565011111301663,Wheeling,Wheeling
266,0.0010589804631689404,0.4315296312850775,0.0028446325090918712,0.0009015024953398203,0.0014848533148206678,0.5621803999325016,Wheeling,Wheeling
267,0.0013780392276841443,0.4318956226006353,0.003378556313349734,0.0017897633682258515,0.0015395067673963925,0.5600185117227083,Wheeling,Wheeling
268,0.0014272918858082133,0.43611661815000347,0.0044448436436697065,0.0024135564837420623,0.002416550905614723,0.5531811389311615,Wheeling,Wheeling
269,0.001447884558155596,0.4338295623093717,0.0020611709200154837,0.0012277402784807135,0.0008278602268094794,0.560605781707167,Wheeling,Wheeling
270,0.0013822538102102903,0.4242668035044495,0.0032491316878835524,0.0012993720195692954,0.0010610503733931847,0.5687413886044942,Wheeling,Wheeling
271,0.0015695889591494773,0.4346676344264079,0.0019885832548617037,0.00036749828197005273,0.0008909577781813818,0.5605157372994298,Wheeling,Wheeling
272,0.001895747587464932,0.4419916472548382,0.002022933744205359,0.0004184871834148279,0.000901237837876298,0.5527699463922001,Wheeling,Wheeling
273,0.0018301152760882814,0.43363918005665847,0.002320719130596538,0.0004753355832530565,0.001052112520043749,0.5606825374333602,Wheeling,Wheeling
274,0.0015457254030364891,0.4677221325308621,0.002926700769916467,0.0015143164425662416,0.003375193035099602,0.5229159318185194,Sitting,Wheeling
275,0.0023914420293342734,0.4451080479166718,0.0054767420326409496,0.001862149100961313,0.003883096460152015,0.5412785224602394,Wheeling,Wheeling
276,0.0023276090906958384,0.4210649159195966,0.009228008736995466,0.001442357182609167,0.003251680444609305,0.562685428625493,Wheeling,Wheeling
