,0,1,2,3,4,5,modelStates,target
0,0.9834230152057541,0.003926247348254636,0.0029633358657614717,0.0013078608065762024,0.003569170565752164,0.004810370207901289,Lying,Lying
1,0.9862657719343165,0.0025164462776356466,0.0020170042041665957,0.0025343140267867384,0.0017985825050318757,0.004867881052062716,Lying,Lying
2,0.9828562637044989,0.0029624317344122087,0.0024845863466703972,0.002602974972348445,0.003484995774113204,0.0056087474679570055,Lying,Lying
3,0.9903101569557127,0.0013426236016089931,0.0019157468132878924,0.0010572539824620195,0.0028684422199706503,0.00250577642695774,Lying,Lying
4,0.9877156871877392,0.0033737434757931907,0.00238821079938143,0.0010229137385982477,0.0037067471309072154,0.0017926976675808565,Lying,Lying
5,0.9979299781329769,2.61750916994558e-05,0.0006374487040266637,0.00021488334173841832,0.000854195672471329,0.00033731905708732574,Lying,Lying
6,0.9751351944558789,0.00035381526616417024,0.005206811774922776,0.002321962251524235,0.011079208585406935,0.005903007666102748,Lying,Lying
7,0.9817658765336009,0.0033858343073395756,0.0024913132888259386,0.003346710060340909,0.0025319268875528995,0.006478338922339814,Lying,Lying
8,0.9817811079957095,0.0036501212421545565,0.0024328895832818596,0.0032517802362301675,0.0025758536373407387,0.006308247305282944,Lying,Lying
9,0.9779627054423818,0.006441405455936506,0.002745037939767945,0.0034580165200326224,0.0026941053770000857,0.006698729264880846,Lying,Lying
10,0.9788001352676702,0.005512099784763901,0.002601332037317302,0.003440641235454283,0.002370626781891466,0.0072751648929030585,Lying,Lying
11,0.9809082498869217,0.0020766514925010353,0.0026397622808694353,0.0031742782232108274,0.0036986357368320685,0.007502422379665103,Lying,Lying
12,0.9823022664048809,0.0027323643841703337,0.00219843704246782,0.003187869698237874,0.002613091949621108,0.006965970520621749,Lying,Lying
13,0.980230557656825,0.005501283984506595,0.003013411677440185,0.0033934653972005954,0.002270800323111631,0.005590480960915868,Lying,Lying
14,0.9801228937944461,0.004783792253188739,0.0025317438312757517,0.003267525718027489,0.002641874236676569,0.006652170166385375,Lying,Lying
15,0.9857621215648376,0.0011078208906668535,0.002692146785704648,0.0033333590972876954,0.0028604689600722536,0.004244082701431164,Lying,Lying
16,0.979449264841227,0.004610572070355699,0.002501146028338999,0.00349136404394097,0.002502578065156791,0.007445074950980683,Lying,Lying
17,0.9835086829844732,0.0027550232844663577,0.002388247692277274,0.0031288326674683655,0.0024111659707068784,0.005808047400607776,Lying,Lying
18,0.9827988671058819,0.003014465486777478,0.002381702239972384,0.0032155758993776757,0.002537709436931534,0.0060516798310589984,Lying,Lying
19,0.9846922049993426,0.0022031664479289143,0.0025606094972490264,0.003107169269874662,0.0023950549467132297,0.005041794838891928,Lying,Lying
20,0.9809755120852038,0.003573337558838677,0.002770290981835248,0.003488827565450396,0.002933214543697925,0.006258817264973808,Lying,Lying
21,0.9787227545770414,0.004679115411887289,0.0027021858378957512,0.003686819946552696,0.002941994898070784,0.007267129328552059,Lying,Lying
22,0.9800434322126725,0.003776728025514821,0.0025027923761984827,0.003479466962331566,0.00270862328272394,0.00748895714055883,Lying,Lying
23,0.9763734210266554,0.006923814841327227,0.002756782597163516,0.0035838263984099127,0.002878850181985027,0.007483304954458852,Lying,Lying
24,0.9807760972162439,0.004029710994406282,0.002571488021094214,0.0033449440460252013,0.0025126586083172695,0.006765101113913094,Lying,Lying
25,0.982006108764647,0.0028926675387944637,0.002358716786394976,0.0034008668051564712,0.0025860347789786312,0.0067556053260285605,Lying,Lying
26,0.9797227534110736,0.00416070920044967,0.002443207111885993,0.003453743757866192,0.0025484446452081772,0.007671141873516449,Lying,Lying
27,0.9795328388491495,0.004332328913646029,0.002543469760552787,0.0035066834134765542,0.0026926698516889116,0.007392009211486213,Lying,Lying
28,0.9706106750555679,0.010307474852224264,0.0023203334635576046,0.0035968969601446886,0.0028912732608905554,0.01027334640761482,Lying,Lying
29,0.9706106750555679,0.010307474852224264,0.0023203334635576046,0.0035968969601446886,0.0028912732608905554,0.01027334640761482,Lying,Lying
30,0.9706106750555679,0.010307474852224264,0.0023203334635576046,0.0035968969601446886,0.0028912732608905554,0.01027334640761482,Lying,Lying
31,0.9706106750555679,0.010307474852224264,0.0023203334635576046,0.0035968969601446886,0.0028912732608905554,0.01027334640761482,Lying,Lying
32,0.9706106750555679,0.010307474852224264,0.0023203334635576046,0.0035968969601446886,0.0028912732608905554,0.01027334640761482,Lying,Lying
33,0.9706106750555679,0.010307474852224264,0.0023203334635576046,0.0035968969601446886,0.0028912732608905554,0.01027334640761482,Lying,Lying
34,0.9706106750555679,0.010307474852224264,0.0023203334635576046,0.0035968969601446886,0.0028912732608905554,0.01027334640761482,Lying,Lying
35,0.9706106750555679,0.010307474852224264,0.0023203334635576046,0.0035968969601446886,0.0028912732608905554,0.01027334640761482,Lying,Lying
36,0.9706106750555679,0.010307474852224264,0.0023203334635576046,0.0035968969601446886,0.0028912732608905554,0.01027334640761482,Lying,Lying
37,0.9793591276920484,0.003924465048040093,0.002027609557067961,0.0030279321514684395,0.002671195973659277,0.008989669577715942,Lying,Lying
38,0.9793591276920484,0.003924465048040093,0.002027609557067961,0.0030279321514684395,0.002671195973659277,0.008989669577715942,Lying,Lying
39,0.9793591276920484,0.003924465048040093,0.002027609557067961,0.0030279321514684395,0.002671195973659277,0.008989669577715942,Lying,Lying
40,0.9793591276920484,0.003924465048040093,0.002027609557067961,0.0030279321514684395,0.002671195973659277,0.008989669577715942,Lying,Lying
41,0.9793591276920484,0.003924465048040093,0.002027609557067961,0.0030279321514684395,0.002671195973659277,0.008989669577715942,Lying,Lying
42,0.9793591276920484,0.003924465048040093,0.002027609557067961,0.0030279321514684395,0.002671195973659277,0.008989669577715942,Lying,Lying
43,0.9793591276920484,0.003924465048040093,0.002027609557067961,0.0030279321514684395,0.002671195973659277,0.008989669577715942,Lying,Lying
44,0.9793591276920484,0.003924465048040093,0.002027609557067961,0.0030279321514684395,0.002671195973659277,0.008989669577715942,Lying,Lying
45,0.9793591276920484,0.003924465048040093,0.002027609557067961,0.0030279321514684395,0.002671195973659277,0.008989669577715942,Lying,Lying
46,0.9793591276920484,0.003924465048040093,0.002027609557067961,0.0030279321514684395,0.002671195973659277,0.008989669577715942,Lying,Lying
47,0.9793591276920484,0.003924465048040093,0.002027609557067961,0.0030279321514684395,0.002671195973659277,0.008989669577715942,Lying,Lying
48,0.9793591276920484,0.003924465048040093,0.002027609557067961,0.0030279321514684395,0.002671195973659277,0.008989669577715942,Lying,Lying
49,0.9793591276920484,0.003924465048040093,0.002027609557067961,0.0030279321514684395,0.002671195973659277,0.008989669577715942,Lying,Lying
50,0.9793591276920484,0.003924465048040093,0.002027609557067961,0.0030279321514684395,0.002671195973659277,0.008989669577715942,Lying,Lying
51,0.9898150540086307,0.0019484376651240057,0.0014292780287538471,0.0014907307551501503,0.0018702547069806854,0.0034462448353605535,Lying,Lying
52,0.36920501589803995,0.06215691205350854,0.03138954417228507,0.02990702740878519,0.07368415309626944,0.4336573473711117,Lying,Sitting
53,0.00625665712852886,0.08713266455827617,0.015638767293068852,0.05995599695107496,0.046560970746176926,0.784454943322874,Wheeling,Sitting
54,0.002019348811410465,0.9527654911697104,0.0012059346489067166,0.00215972650334585,0.0012811516587284786,0.04056834720789862,Sitting,Sitting
55,0.0015016940101781192,0.8079846925177111,0.0023681113341081504,0.011663826053818436,0.0051658780359415705,0.17131579804824276,Sitting,Sitting
56,0.0021131051485002526,0.8558036157833735,0.0019039090882442251,0.0029883900263207312,0.004967909682961293,0.13222307027059982,Sitting,Sitting
57,0.0019482506607059339,0.7832655540728268,0.0015424266605392066,0.005140347829116084,0.0028108228854665236,0.20529259789134516,Sitting,Sitting
58,0.0017774303479354842,0.9797232183979969,0.0008532596600901867,0.0007758427939277782,0.0018313597962141624,0.015038889003835126,Sitting,Sitting
59,0.0016306577768119455,0.91374535501688,0.0008127747055033951,0.0031826279457530682,0.0023095309610207657,0.07831905359403082,Sitting,Sitting
60,0.0016715473429330474,0.7906972783220263,0.001841701297930908,0.005197092665973711,0.0006757186433872404,0.19991666172774888,Sitting,Sitting
61,0.001666676393746576,0.9895552757389855,0.0008707942980300246,0.0005324656445585343,0.0007930007195753119,0.006581787205104024,Sitting,Sitting
62,0.0016063731702377125,0.9332708949068331,0.0007812328509538653,0.0022217287494217413,0.0030786228776352965,0.05904114744491839,Sitting,Sitting
63,0.0018343868033875795,0.9916257696923192,0.0004907786007572099,0.00025361415728771615,0.0031831608313697456,0.0026122899148788028,Sitting,Sitting
64,0.0018343868033875795,0.9916257696923192,0.0004907786007572099,0.00025361415728771615,0.0031831608313697456,0.0026122899148788028,Sitting,Sitting
65,0.0015810901105646246,0.9594331548649808,0.0010504911096393126,0.002142570527918933,0.002309930542608399,0.033482762844288305,Sitting,Sitting
66,0.0015174904913579975,0.9389314075475198,0.0018060876160262572,0.004067932195367068,0.002630114959821891,0.05104696718990714,Sitting,Sitting
67,0.0016336494834815567,0.9745522946556994,0.0014416173104909791,0.001723448944028769,0.002895002538895151,0.017753987067404196,Sitting,Sitting
68,0.0015343285374474671,0.912687326603912,0.0007418666709149894,0.004365483863314874,0.001727557478480673,0.07894343684592978,Sitting,Sitting
69,0.0016215316072333676,0.9738067450431446,0.0006412205522897372,0.0010502194057415114,0.0028323237269141347,0.02004795966467645,Sitting,Sitting
70,0.0014794602244480076,0.8983634074124833,0.0012253817979188109,0.0038591818968419034,0.0011303322073449727,0.09394223646096292,Sitting,Sitting
71,0.0017759954855147506,0.9784022056775034,0.00046451849685513866,0.0011095691783403869,0.001346987156862935,0.0169007240049236,Sitting,Sitting
72,0.014955541966042946,0.11111831618580534,0.02855023457515818,0.1291544481354203,0.0596990770627394,0.6565223820748335,Wheeling,Sitting
73,0.001849090015638612,0.99155406236215,0.0004978539447716228,0.00026072875226392243,0.0032123713402419144,0.0026258935849339687,Sitting,Sitting
74,0.0003375108745977283,0.9809631554718401,0.0005384425069676551,0.00048296289082083325,0.002332178060317194,0.015345750195456318,Sitting,Sitting
75,0.0003375108745977283,0.9809631554718401,0.0005384425069676551,0.00048296289082083325,0.002332178060317194,0.015345750195456318,Sitting,Sitting
76,0.001949700418934476,0.008010357557661725,0.045021603499775784,0.010554317197059179,0.926052046184325,0.008411975142243417,Walking,Sitting
77,0.002638351519589649,0.019474896446570814,0.1357230787470457,0.7987598446580966,0.03471665847972153,0.008687170148975765,Standing,Standing
78,0.0025140216364497427,0.036946842442039315,0.07837607933329974,0.8390473290934949,0.03291295318889069,0.010202774305825602,Standing,Standing
79,0.002957722047425983,0.0397057799008904,0.05872791402480872,0.8797795917391552,0.009595858704986568,0.009233133582733368,Standing,Standing
80,0.003151192317922764,0.07947977417657168,0.06400089353864571,0.814220218054134,0.02318688308516254,0.01596103882756309,Standing,Standing
81,0.0027391239245922096,0.0508506300213833,0.03187840817424972,0.8866325606239203,0.00838030964918542,0.01951896760666877,Standing,Standing
82,0.0021306036818387925,0.05604978692256985,0.06496514342833619,0.7938345668580872,0.06677529144278838,0.016244607666379595,Standing,Standing
83,0.0027725963595848493,0.0929841265613979,0.06660010242157738,0.7929062981051824,0.032112795008858934,0.012624081543398561,Standing,Standing
84,0.0025883769658088273,0.026024840334898606,0.06933283919206329,0.8381324379689473,0.057809991598742755,0.006111513939539224,Standing,Standing
85,0.00764297481288144,0.4247121554212195,0.05186783849334207,0.13517869321411188,0.002681659162527281,0.37791667889591807,Wheeling,Standing
86,0.0023972997030201138,0.11907423665119933,0.032142496409038164,0.7892173989733704,0.036249071403880305,0.020919496859491495,Standing,Standing
87,0.0025915911016526545,0.08361671639447155,0.04614696735989986,0.8099303726267809,0.0364588993733989,0.02125545314379629,Standing,Standing
88,0.0025609637681699663,0.11696774885544554,0.04547798340276495,0.7579413010322673,0.04890895100366223,0.028143051937689904,Standing,Standing
89,0.003244744606182619,0.1359028774388672,0.09147380994511889,0.7040705245272487,0.04085332790698496,0.024454715575597866,Standing,Standing
90,0.0024215634411706675,0.13218662610729412,0.04889031338986314,0.7469662945323855,0.047044952089834585,0.022490250439451978,Standing,Standing
91,0.004827122621369863,0.08563057471094661,0.09269807315375363,0.750238559933501,0.01666681597190234,0.04993885360852692,Standing,Standing
92,0.0028401608546942984,0.08242906826706456,0.07842475887297658,0.7573162454023944,0.05360224137498248,0.02538752522788715,Standing,Standing
93,0.0040143110345707295,0.28425100201648357,0.10234908442823676,0.5223313752399295,0.03477984520866431,0.052274382072115266,Standing,Standing
94,0.0037013925632641215,0.18174674905599716,0.07331396595629443,0.6121213578015936,0.0840804067902199,0.0450361278326307,Standing,Standing
95,0.0025337859402179497,0.0877899897673647,0.05853011851626047,0.7524761646992955,0.0793213066755477,0.01934863440131412,Standing,Standing
96,0.004370722236796049,0.18252256963916735,0.08213869815935229,0.6392871666468558,0.06622460178062854,0.025456241537200122,Standing,Standing
97,0.006005301554740895,0.2425147848074423,0.09052073837067175,0.5601349899425468,0.06260429103997224,0.038219894284625716,Standing,Standing
98,0.0038131230596712795,0.0982201774862463,0.05951023160404306,0.792735505544116,0.020081747155983078,0.025639215149940303,Standing,Standing
99,0.003544818079176779,0.10161035526155668,0.05480351521558232,0.7299352964931918,0.05819846401991102,0.05190755093058154,Standing,Standing
100,0.002926202085480026,0.11872462551703254,0.1418717510432129,0.649409340062065,0.05053880394842804,0.036529277343781474,Standing,Standing
101,0.004491142610199215,0.24498277767529103,0.13061038957520615,0.5376195576578534,0.03353958054480862,0.048756551936641274,Standing,Standing
102,0.0020306682436864285,0.2403848079335791,0.001509315071051464,0.004300665933667551,0.002266498953050089,0.7495080438649655,Wheeling,Wheeling
103,0.001701700377044148,0.44451736706680417,0.025036667793792676,0.00909630965711394,0.4126735670642487,0.1069743880409962,Sitting,Wheeling
104,0.003408455106991941,0.3193606827540637,0.018016601469127716,0.005933678252118384,0.3741662544518387,0.27911432796585933,Sitting,Wheeling
105,0.0020194185585549244,0.11939444340320948,0.0045078401930737574,0.0059854442676524604,0.009056132018759452,0.8590367215587501,Wheeling,Wheeling
106,0.0024518186267881276,0.2997958857048532,0.002757205815388627,0.006052465978081161,0.005288387478724845,0.6836542363961639,Wheeling,Wheeling
107,0.0022581282066133634,0.20398792335547958,0.004405601424247559,0.006512460773654128,0.006076235827466808,0.7767596504125384,Wheeling,Wheeling
108,0.003923971443718626,0.04514145853832469,0.005988086534590331,0.010292651465767804,0.023152134104132114,0.9115016979134665,Wheeling,Wheeling
109,0.0025424530062957175,0.0507076082324668,0.0034190476349524484,0.0058895564123842324,0.010793423187233033,0.9266479115266676,Wheeling,Wheeling
110,0.0025621161917821086,0.038787164173872124,0.004549136902151055,0.005723527395459958,0.00904634218021973,0.9393317131565152,Wheeling,Wheeling
111,0.002407795039986891,0.08247751741280081,0.0018407676875425057,0.0038943924499251163,0.0021829965414241325,0.9071965308683206,Wheeling,Wheeling
112,0.0035599539908158476,0.04743340288535041,0.0017184216872793544,0.0020838308285607266,0.0017134755525426526,0.9434909150554509,Wheeling,Wheeling
113,0.0034884932307953143,0.04677281350792323,0.003063878068669767,0.0027832407871271037,0.0017577289934332585,0.942133845412051,Wheeling,Wheeling
114,0.003522989475304994,0.04560550367052552,0.006165346412091835,0.0032184168654479316,0.002971783827569168,0.9385159597490605,Wheeling,Wheeling
115,0.003064099519361636,0.2024449356764977,0.0027848977019581654,0.004769141071393114,0.0021990905355973476,0.7847378354951923,Wheeling,Wheeling
116,0.0042103041657135165,0.19096545168608872,0.0021519291378058933,0.003480247589913372,0.002444994888860242,0.7967470725316181,Wheeling,Wheeling
117,0.003404788549834577,0.04030377137898142,0.002009266327879888,0.002661987230432229,0.0020388305063024728,0.9495813560065696,Wheeling,Wheeling
118,0.0030648323874580582,0.1510157728446739,0.0021026465979790874,0.003477955722145043,0.0016436423174211706,0.8386951501303229,Wheeling,Wheeling
119,0.0030330241263853788,0.20426766679695543,0.0019223153117168333,0.0035358440855487454,0.0016603871026148278,0.7855807625767788,Wheeling,Wheeling
120,0.003612576612032036,0.0527108291450592,0.0018268609565683348,0.002263717655254845,0.0014134709312741103,0.9381725446998115,Wheeling,Wheeling
121,0.003675495340952048,0.03816003519491821,0.0021408805181668813,0.0021942858829411827,0.003977228712862542,0.9498520743501591,Wheeling,Wheeling
122,0.0037661980572358954,0.028164169583241135,0.002359817113083943,0.0016856785533963378,0.001390268481853621,0.962633868211189,Wheeling,Wheeling
123,0.004422147347210563,0.3220078963527401,0.003001105539435428,0.0017842868174098067,0.0005202962155856812,0.6682642677276186,Wheeling,Wheeling
124,0.0046623706451628675,0.04720436490385931,0.002609469640976534,0.0023957225609992387,0.00403285577153022,0.9390952164774715,Wheeling,Wheeling
125,0.004071603951543746,0.013683613320733243,0.0029601318364077677,0.0021883155480871526,0.002076609886587725,0.9750197254566405,Wheeling,Wheeling
126,0.0036513118653518518,0.026610239854565294,0.0014946393776449592,0.0020244060374766345,0.0018495189528639844,0.9643698839120969,Wheeling,Wheeling
127,0.002724348852325767,0.022858363679521303,0.003275542774740886,0.0028245884096353515,0.0009506590893385972,0.9673664971944383,Wheeling,Wheeling
128,0.0026048054029629802,0.041846310364164176,0.0033911266878304414,0.002584060023101739,0.0001599793456074829,0.9494137181763329,Wheeling,Wheeling
129,0.00314296125714138,0.1898341644566859,0.001137250993130163,0.003599172605117675,0.0012289972611682738,0.8010574534267567,Wheeling,Wheeling
130,0.0033820142164806624,0.22076023972138015,0.0018908946891988301,0.0040865226751498505,0.000675871059241869,0.7692044576385485,Wheeling,Wheeling
131,0.004396547917694971,0.6492838247979927,0.0017733820781909927,0.0022746270758333765,0.0011738930962690757,0.3410977250340187,Sitting,Wheeling
132,0.002990201896552703,0.49354402249359164,0.0013373407217576528,0.0017560429673236387,0.0010465744389521773,0.49932581748182225,Wheeling,Wheeling
133,0.0021994517823046623,0.09772726445723562,0.0014877932241227814,0.0037103884597539283,0.0016470593765993708,0.8932280426999839,Wheeling,Wheeling
134,0.002029042396088668,0.018452616215469533,0.4624754494113313,0.10395011125028178,0.40152991229947493,0.01156286842735352,Walking,Walking
135,0.0019364474170700137,0.017787800342380925,0.29526171378621696,0.17958839575864693,0.497730989898056,0.00769465279762875,Walking,Walking
136,0.001177116084363973,0.00047205198069744396,0.24898898894298552,0.007958198799040608,0.7411443325159184,0.00025931167699424937,Walking,Walking
137,0.0015751095967801393,0.004478330233790166,0.21728636944934615,0.014350320073641178,0.7581361829695465,0.004173687676896119,Walking,Walking
138,0.001977646566584133,0.028932453630876664,0.13929214505083926,0.09104403501395758,0.7213243346841158,0.017429385053626886,Walking,Walking
139,0.002074991574050102,0.026828565500403315,0.12492627519828763,0.07880517094756495,0.7529709330580097,0.014394063721684407,Walking,Walking
140,0.0019317891556386779,0.030315089869197433,0.12616169068092403,0.0704135915175058,0.7541555855893673,0.017022253187366772,Walking,Walking
141,0.0016813332034597479,0.015760300593944104,0.07552155230767295,0.024111441724805272,0.8693755443290111,0.013549827841106747,Walking,Walking
142,0.0025410470733452186,0.034514106650102405,0.1845918365776221,0.11427271081798412,0.6487152322733665,0.01536506660757995,Walking,Walking
143,0.0019403299330896673,0.030642912630769972,0.08277190323350839,0.04854829572291487,0.8159144419166019,0.02018211656311515,Walking,Walking
144,0.0018512924092658077,0.016011880085006664,0.11859287803981959,0.05528105335340665,0.8003124422407504,0.007950453871750762,Walking,Walking
145,0.001430363336695112,0.005841361027948321,0.11620690813898121,0.024405829985675594,0.8488499973951671,0.003265540115532697,Walking,Walking
146,0.0016279267940651843,0.01781728552856389,0.10271697141725726,0.03622269308872466,0.8316647087794995,0.009950414391889702,Walking,Walking
147,0.0014092718152844362,0.0029269066205980963,0.13513131635158684,0.0107288488893046,0.847836237082334,0.001967419240891894,Walking,Walking
148,0.002496678413018697,0.03348793920980997,0.09486820514331186,0.0527243403540828,0.7908575780010034,0.0255652588787732,Walking,Walking
149,0.0020175560180533143,0.011380621574144564,0.05319283325587004,0.009110913316463017,0.8960548633893994,0.02824321244606945,Walking,Walking
150,0.002044380825825141,0.01746766086570666,0.09782228686314622,0.0394998377457453,0.8243827092189038,0.018783124480672864,Walking,Walking
151,0.0028899986099383632,0.0007574969579314154,0.982231932807967,0.002355026102468133,0.011118841430608617,0.0006467040910864369,StairClimbing,Walking
152,0.001592453277427605,0.004913424051539808,0.2200061536977903,0.0533374317858682,0.7165579855265399,0.003592551660834131,Walking,Walking
153,0.0013619290345232291,0.006931068462313914,0.12525897927955384,0.03118814824975406,0.8293314221830803,0.005928452790775025,Walking,Walking
154,0.001563345273218966,0.005655426330691921,0.2788993238429541,0.025943544512964392,0.6828985135758777,0.005039846464292733,Walking,Walking
155,0.0016592347614546449,0.005895630247302706,0.15117086343530164,0.014439441939514557,0.8205278008608391,0.006307028755587288,Walking,Walking
156,0.001238236425648789,0.0017565804968756255,0.11513725317079515,0.010016321088332825,0.870632116239572,0.0012194925787755212,Walking,Walking
157,0.0015144585093658852,0.00524147152405086,0.19489388435077648,0.017390293335789224,0.7765165846714597,0.004443307608557989,Walking,Walking
158,0.0010793578414738825,0.0017349646331475085,0.17232317953008855,0.019328137271515954,0.8048015429286256,0.0007328177951483423,Walking,Walking
159,0.0015233503805916363,0.002456683512396449,0.1888038868529059,0.03963379555010338,0.7660636930184982,0.0015185906855042792,Walking,Walking
160,0.0017481126861328294,0.012793371008022768,0.11319740211168314,0.028811827324578848,0.831628929388778,0.011820357480804468,Walking,Walking
161,0.0014873596134170497,0.007620087360387086,0.10258198783915064,0.03352243204449326,0.8496344518450467,0.005153681297505363,Walking,Walking
162,0.0016326143103079153,0.014063125936342638,0.09210809737774342,0.03396941346371571,0.8472628628539911,0.010963886057898869,Walking,Walking
163,0.001511955305987599,0.0048841889345112004,0.22241170816614902,0.05811807945694978,0.7098384571317119,0.003235611004690318,Walking,Walking
164,0.0013935046124988082,0.001086280836762577,0.219969483021098,0.010444011850055614,0.7663264079064038,0.000780311773181565,Walking,Walking
165,0.0015516269973891643,0.0003284514280076765,0.04527890226827297,0.0005796983015486852,0.9519706340537568,0.00029068695102477934,Walking,Walking
166,0.0008245067543153842,0.9254528967914684,0.0036125025973832246,0.007307036292062706,0.016620716268078952,0.0461823412966916,Sitting,Sitting
167,0.002205007064207136,0.8081564508114506,0.02091057412700051,0.07998634995946312,0.05193226738826024,0.03680935064961799,Sitting,Sitting
168,0.001636492018720373,0.7218860177590668,0.024497285896996564,0.2039281174416756,0.020211222660641338,0.027840864222899043,Sitting,Sitting
169,0.0013104748519182717,0.7375630815498099,0.016233555544071437,0.20598369237660988,0.018828702008267063,0.020080493669323064,Sitting,Sitting
170,0.001784814314046178,0.674496011229407,0.01633767524285024,0.24680883249366745,0.026487018203894732,0.03408564851613436,Sitting,Sitting
171,0.0004282115617349509,0.9483300917600308,0.01363797226560132,0.023560058810206307,0.004974230740725726,0.009069434861700917,Sitting,Sitting
172,0.00032176323866565346,0.8912923313400112,0.007184596891315085,0.039859867019983584,0.0054432647187826685,0.05589817679124145,Sitting,Sitting
173,0.0005449596497369005,0.9259129851151163,0.01063071158556622,0.03315539133827295,0.01401997997833623,0.0157359723329713,Sitting,Sitting
174,0.0006541014997422098,0.9409176057914046,0.010364354066922652,0.03181242923559496,0.005064578385765612,0.011186931020570147,Sitting,Sitting
175,0.0007623006927836405,0.9307682617515369,0.006899178496514345,0.04187659537052779,0.007771200598081821,0.011922463090555691,Sitting,Sitting
176,0.0005506510412898083,0.9529007170138192,0.011190574311006056,0.022215104366357326,0.005836120286135015,0.007306832981392402,Sitting,Sitting
177,0.0011311155133611516,0.9704639997824591,0.006244396290321472,0.014461665224514945,0.002119953622759158,0.005578869566584285,Sitting,Sitting
178,0.00031478057687629903,0.9573027342384925,0.0016029359590973755,0.009146135237294592,0.007072631222182646,0.024560782766056385,Sitting,Sitting
179,0.00031478057687629903,0.9573027342384925,0.0016029359590973755,0.009146135237294592,0.007072631222182646,0.024560782766056385,Sitting,Sitting
180,0.00031478057687629903,0.9573027342384925,0.0016029359590973755,0.009146135237294592,0.007072631222182646,0.024560782766056385,Sitting,Sitting
181,0.00031478057687629903,0.9573027342384925,0.0016029359590973755,0.009146135237294592,0.007072631222182646,0.024560782766056385,Sitting,Sitting
182,0.00031478057687629903,0.9573027342384925,0.0016029359590973755,0.009146135237294592,0.007072631222182646,0.024560782766056385,Sitting,Sitting
183,0.00031478057687629903,0.9573027342384925,0.0016029359590973755,0.009146135237294592,0.007072631222182646,0.024560782766056385,Sitting,Sitting
184,0.00031478057687629903,0.9573027342384925,0.0016029359590973755,0.009146135237294592,0.007072631222182646,0.024560782766056385,Sitting,Sitting
185,0.0002848684416806273,0.9680048913931254,0.0013295019535257632,0.008455573935627332,0.006736738379449409,0.01518842589659114,Sitting,Sitting
186,0.0002848684416806273,0.9680048913931254,0.0013295019535257632,0.008455573935627332,0.006736738379449409,0.01518842589659114,Sitting,Sitting
187,0.0005418426145717476,0.8606715075499818,0.010845652917785992,0.08284911251621323,0.010035823654931962,0.03505606074651508,Sitting,Sitting
188,0.0003215195310689081,0.9573863879820979,0.004653229423194438,0.011354764382238675,0.014128329525089236,0.012155769156311148,Sitting,Sitting
189,0.0003674437577203826,0.9425025660192313,0.0059020842467270174,0.022004888270441666,0.012377617786032557,0.016845399919847414,Sitting,Sitting
190,0.0005587368994564916,0.9444150927953778,0.008935152499617807,0.034170638400321966,0.0031488111356348524,0.008771568269590909,Sitting,Sitting
191,0.0005963629727806651,0.9435008697605913,0.009350904641938862,0.031787464234173245,0.006515109712459794,0.008249288678055902,Sitting,Sitting
192,0.00022455866766078064,0.9517161114896179,0.003518742658490331,0.011064942942985188,0.008824760367208018,0.024650883874037768,Sitting,Sitting
193,0.00020836067274526582,0.9838811862353798,0.0017641164581240517,0.0027091570174935524,0.0028146235783119687,0.008622556037945445,Sitting,Sitting
194,0.0004842267091267986,0.9738821015224868,0.004111754021367119,0.006142141507407724,0.009847685697757094,0.005532090541854836,Sitting,Sitting
195,0.0007092480349830323,0.9094235221735997,0.007968944043132876,0.052628651445235736,0.018990476650627617,0.010279157652421104,Sitting,Sitting
196,0.0003310584335837046,0.9403606038881158,0.006943229592099134,0.026363855157308422,0.010316721100915019,0.015684531827977976,Sitting,Sitting
197,0.00026558568020393494,0.9737635753466372,0.002513482188297355,0.004276000858731754,0.0060938686198842035,0.013087487306246131,Sitting,Sitting
198,0.000488920763137384,0.90745598262199,0.01377556208083352,0.04104711658024194,0.014184771813792067,0.023047646140004725,Sitting,Sitting
199,0.0005316097706840588,0.9496170018628307,0.006551394338990626,0.02485073963571941,0.01002974097359857,0.00841951341817696,Sitting,Sitting
200,0.01298630232238789,0.21100062369271178,0.07379790296639918,0.15219272212163154,0.49403954655448384,0.05598290234238559,Walking,Wheeling
201,0.0006487880242723209,0.8857953873014855,0.003949455718156421,0.0031749034222803593,0.011005225049750463,0.09542624048405456,Sitting,Wheeling
202,0.0010757081333571763,0.5506627656932361,0.00506741812326929,0.024382036582696807,0.004201616918192903,0.41461045454924766,Wheeling,Wheeling
203,0.0011387203168656314,0.17243979176913793,0.005702073900514598,0.01421602297749415,0.013892198228209597,0.7926111928077783,Wheeling,Wheeling
204,0.0013751061603424909,0.383602244030305,0.002843897806887401,0.006682874319846032,0.009801948050385331,0.5956939296322334,Wheeling,Wheeling
205,0.0012032007201265473,0.11358806618138917,0.003161392250609767,0.00396993838798873,0.007827006097500463,0.8702503963623854,Wheeling,Wheeling
206,0.0010274046644856265,0.1760621105741543,0.0029539158463355564,0.008595046468284488,0.007141592752118011,0.8042199296946219,Wheeling,Wheeling
207,0.0013212132765792488,0.4294700257644402,0.0032463527523409123,0.006375145165662512,0.0030093274471984207,0.5565779355937783,Wheeling,Wheeling
208,0.0014268296313170688,0.2821621486145054,0.002850801825849246,0.0038968902873298436,0.003970993468204305,0.7056923361727944,Wheeling,Wheeling
209,0.0009014638033783852,0.035871517283123044,0.004299988859682509,0.005070770746178423,0.0020619693269566483,0.951794289980681,Wheeling,Wheeling
210,0.0010971607687400586,0.1848478233583515,0.002083138548309379,0.00409470075299447,0.004756545302706334,0.8031206312688983,Wheeling,Wheeling
211,0.0011723027560548436,0.11048679576026989,0.0027347951107944994,0.005162310037794425,0.008486300930762107,0.8719574954043241,Wheeling,Wheeling
212,0.001162159945605806,0.0653162764789473,0.003528015251203875,0.005449435857537905,0.009071387383768025,0.9154727250829374,Wheeling,Wheeling
213,0.0011345145790731305,0.08332845221349856,0.00296931276927805,0.004261478239129711,0.008720304409826692,0.8995859377891936,Wheeling,Wheeling
214,0.0012177452788098583,0.07815279048551638,0.003771984440769353,0.0042025643499419285,0.00844723937755857,0.9042076760674039,Wheeling,Wheeling
215,0.0011984132618042403,0.10084397546360671,0.002351115743073754,0.003771157776927982,0.006394218572279899,0.8854411191823074,Wheeling,Wheeling
216,0.0011401866078951945,0.21202737056075557,0.002705338018165631,0.005375761851686222,0.005945013937090168,0.7728063290244073,Wheeling,Wheeling
217,0.001829697609238739,0.09930819456550707,0.002570391329967978,0.005554219218300813,0.0040612929254404805,0.8866762043515453,Wheeling,Wheeling
218,0.001112221753411648,0.22728099451995185,0.0018797728931001785,0.004675893192932674,0.004409672097576463,0.7606414455430273,Wheeling,Wheeling
219,0.0013250780800034517,0.4143682443578875,0.00238213484797515,0.005789053921441089,0.006363505546379521,0.5697719832463133,Wheeling,Wheeling
220,0.0015425116435305085,0.22684367126449825,0.0015877336954292557,0.0040211807901050795,0.004938596938619641,0.7610663056678173,Wheeling,Wheeling
221,0.0010484408771173376,0.1671006206990805,0.003684683779700498,0.009910282187828356,0.00866915757825009,0.8095868148780233,Wheeling,Wheeling
222,0.000983385355748679,0.20103449267480294,0.002175813259765772,0.004500452706736312,0.0024434936796046973,0.7888623623233417,Wheeling,Wheeling
223,0.0010718901782043482,0.06337414394505561,0.003375771597009092,0.003991945567826915,0.0044144483400632055,0.923771800371841,Wheeling,Wheeling
224,0.0015681008424044893,0.13430885366690928,0.003371831671432419,0.003484194023678902,0.006245235227569985,0.8510217845680049,Wheeling,Wheeling
225,0.0012848401304557386,0.0230358554170284,0.0020209170722824154,0.0021894610167982405,0.0026541722956088917,0.9688147540678261,Wheeling,Wheeling
226,0.0013185708715653416,0.05997940593874395,0.0021976264535982504,0.0021736331262179032,0.0016900924059540933,0.9326406712039202,Wheeling,Wheeling
227,0.0017323091324216978,0.3542001019780123,0.0026570369623846644,0.00420381571104828,0.002257779951781381,0.6349489562643518,Wheeling,Wheeling
228,0.0010062374810354483,0.12461068361740082,0.0025032092934884668,0.004425795584472723,0.0021492125123195823,0.8653048615112829,Wheeling,Wheeling
229,0.0014337599769552757,0.39073723293241747,0.002889148978485722,0.003985802166968875,0.002501218510063109,0.59845283743511,Wheeling,Wheeling
230,0.0010072552777635512,0.17897981172180744,0.0016252434945939085,0.003918997342564002,0.0020659179103341943,0.8124027742529368,Wheeling,Wheeling
231,0.002125307898822201,0.5099124186283736,0.0014576629642491356,0.0030202220955038903,0.002844920371187603,0.48063946804186386,Wheeling,Wheeling
232,0.0011737712009084946,0.5677247823760446,0.00135839211659528,0.0033412394369143807,0.0016125578895543199,0.42478925697998277,Sitting,Wheeling
233,0.0013156256977131927,0.20587081727772713,0.0012336388080060338,0.00342155295113036,0.002227516117839906,0.7859308491475829,Wheeling,Wheeling
234,0.0010965630145499913,0.1991064398689719,0.0013018884147003662,0.003693329645050423,0.002055018266130201,0.7927467607905971,Wheeling,Wheeling
235,0.0015044125643544086,0.02495765471047973,0.007477000442561227,0.0036973963177108363,0.006839102197748548,0.9555244337671449,Wheeling,Wheeling
236,0.001003202566299146,0.11763407790310305,0.0019715067497745767,0.0029578422281419706,0.0020033209537145815,0.8744300495989664,Wheeling,Wheeling
237,0.0008592320734348905,0.10310234493729639,0.0015638420350856433,0.0037362461290259175,0.0018116233778399668,0.888926711447317,Wheeling,Wheeling
238,0.0013164485203336416,0.5099424524447093,0.0019601868127312586,0.0015297358654080447,0.00046667064285785563,0.48478450571396003,Wheeling,Wheeling
239,0.0015321607348979332,0.22360054216312272,0.0018240948786115195,0.002798152249143078,0.0031118419824046548,0.7671332079918202,Wheeling,Wheeling
240,0.9386051973770706,0.026666510240704072,0.005693952539258115,0.002803260511931761,0.011095053432052603,0.015136025898982918,Lying,Lying
241,0.9801226180161229,0.0023889918623363746,0.002366503742036837,0.003626685539671523,0.0024904632518644577,0.009004737587968015,Lying,Lying
242,0.986633086958154,0.0027878233411247444,0.001931390297395427,0.0023554529104596114,0.0010483528975586225,0.005243893595307326,Lying,Lying
243,0.9759430687328214,0.006551564628917928,0.002148816912585567,0.0031022507298291433,0.0023775588499322297,0.009876740145913358,Lying,Lying
244,0.9820918695307204,0.003820135820454653,0.0020955916630119504,0.0029259704016762083,0.0018443776368397067,0.007222054947297072,Lying,Lying
245,0.9802292785017108,0.004087411960906709,0.0020670924122868023,0.0030672153343596084,0.0022677254551236956,0.008281276335612401,Lying,Lying
246,0.9817630820608497,0.0034381483843782083,0.0020402885810002864,0.0030101693819276723,0.0022382928945486355,0.007510018697295393,Lying,Lying
247,0.9674641008577614,0.012769359782097835,0.0023325058743585143,0.003371016289047193,0.0029650881772836065,0.011097929019451445,Lying,Lying
248,0.9674641008577614,0.012769359782097835,0.0023325058743585143,0.003371016289047193,0.0029650881772836065,0.011097929019451445,Lying,Lying
249,0.9674641008577614,0.012769359782097835,0.0023325058743585143,0.003371016289047193,0.0029650881772836065,0.011097929019451445,Lying,Lying
250,0.9674641008577614,0.012769359782097835,0.0023325058743585143,0.003371016289047193,0.0029650881772836065,0.011097929019451445,Lying,Lying
251,0.9674641008577614,0.012769359782097835,0.0023325058743585143,0.003371016289047193,0.0029650881772836065,0.011097929019451445,Lying,Lying
252,0.9674641008577614,0.012769359782097835,0.0023325058743585143,0.003371016289047193,0.0029650881772836065,0.011097929019451445,Lying,Lying
253,0.9674641008577614,0.012769359782097835,0.0023325058743585143,0.003371016289047193,0.0029650881772836065,0.011097929019451445,Lying,Lying
254,0.9674641008577614,0.012769359782097835,0.0023325058743585143,0.003371016289047193,0.0029650881772836065,0.011097929019451445,Lying,Lying
255,0.9674641008577614,0.012769359782097835,0.0023325058743585143,0.003371016289047193,0.0029650881772836065,0.011097929019451445,Lying,Lying
256,0.9674641008577614,0.012769359782097835,0.0023325058743585143,0.003371016289047193,0.0029650881772836065,0.011097929019451445,Lying,Lying
257,0.9674641008577614,0.012769359782097835,0.0023325058743585143,0.003371016289047193,0.0029650881772836065,0.011097929019451445,Lying,Lying
258,0.9674641008577614,0.012769359782097835,0.0023325058743585143,0.003371016289047193,0.0029650881772836065,0.011097929019451445,Lying,Lying
259,0.9707685969155098,0.012452755353141703,0.001894475296708838,0.0027138914028129817,0.0023292909492127465,0.009840990082614189,Lying,Lying
260,0.9707685969155098,0.012452755353141703,0.001894475296708838,0.0027138914028129817,0.0023292909492127465,0.009840990082614189,Lying,Lying
261,0.0021013817551353,0.0009129780708069484,0.6276471122273471,0.01189119675755123,0.35668378613434254,0.0007635450548168256,StairClimbing,Standing
262,0.00229613482768906,0.012702382206889176,0.07795255505649511,0.8784339920006353,0.025124272152866656,0.0034906637554247477,Standing,Standing
263,0.0020610563349024945,0.018994127429040396,0.14154830573644558,0.7935806890266738,0.03944752687605151,0.004368294596886254,Standing,Standing
264,0.0023710514974128647,0.0383952699135661,0.05444759177724865,0.8378581288192033,0.05744061409090462,0.00948734390166447,Standing,Standing
265,0.0027461454194976313,0.06558636242954603,0.04221852023896706,0.857292711171734,0.020620299523332268,0.011535961216922946,Standing,Standing
266,0.0024425575458136644,0.04280396560982886,0.07227763510185173,0.858153318351171,0.015895835809693223,0.008426687581641496,Standing,Standing
267,0.002720288470532126,0.0553236998730588,0.0594206437597512,0.8477085022160654,0.020890489112903268,0.013936376567689283,Standing,Standing
268,0.0025169001323053315,0.015993716268114494,0.04595932082116323,0.8079720097227312,0.11688392718007372,0.01067412587561202,Standing,Standing
269,0.0029536850571542615,0.04636913065787051,0.04201968643572073,0.7766231130684402,0.10901916028330348,0.023015224497510773,Standing,Standing
270,0.0023718535261279057,0.06850205089463325,0.04967979643087853,0.786653824967919,0.07645914790825745,0.016333326272183875,Standing,Standing
271,0.0023909120604296433,0.03798552308347072,0.06186135498507088,0.8738971036004108,0.01738168586413984,0.006483420406478022,Standing,Standing
272,0.002436582567660105,0.023556771540137293,0.018639409303212402,0.9269120601330657,0.0161047535989007,0.012350422857023558,Standing,Standing
273,0.0023527297417602964,0.0320602048942943,0.05171383701992119,0.8859690244408589,0.02240393203360896,0.0055002718695563915,Standing,Standing
274,0.0022056011304878967,0.014616599745490034,0.029507993612062074,0.9323036671598165,0.016060408967352866,0.005305729384790302,Standing,Standing
275,0.002201439747351968,0.016543265184405964,0.015799664905647853,0.9558644009312943,0.005774784255545347,0.003816444975754567,Standing,Standing
276,0.0028310760855050194,0.03736993311944159,0.06591647921392137,0.8236616831403173,0.0653196429055312,0.004901185535283516,Standing,Standing
277,0.0015278071255497565,0.0028701670982193388,0.05124954705159255,0.005290671308146117,0.9352145661769383,0.003847241239553827,Walking,Walking
