,0,1,2,3,4,5,modelStates,target
0,0.9361026187129733,0.013982881078841372,0.008288972724053725,0.004281413828172839,0.006840395024653233,0.030503718631305462,Lying,Lying
1,0.9627326233318737,0.0070331115625359465,0.004929890081815657,0.00737626771515754,0.009778728427089852,0.008149378881527497,Lying,Lying
2,0.9593587868570895,0.006431015589959994,0.004781396376010524,0.013928660712832436,0.008262434218026032,0.007237706246081247,Lying,Lying
3,0.9656550755739709,0.005624877327977739,0.003438887438966003,0.013120393949217194,0.006182347446420711,0.005978418263447457,Lying,Lying
4,0.9611677546812737,0.006108739528415756,0.00517193992622304,0.008609527611754346,0.011814903695167548,0.0071271345571654425,Lying,Lying
5,0.9594260475058142,0.005773304154832759,0.004647455079081838,0.009517201812762706,0.013815729405895715,0.006820262041612993,Lying,Lying
6,0.9651622733716463,0.005428944421033221,0.0033171366757693602,0.012737416399179857,0.007903950667862614,0.005450278464508918,Lying,Lying
7,0.9637618990615093,0.005154894798621401,0.004999659236894256,0.009546582909925537,0.011154609118287499,0.005382354874761753,Lying,Lying
8,0.9638671894513785,0.004965996943490174,0.0041465332608478945,0.01026307655147841,0.010994335732032248,0.00576286806077278,Lying,Lying
9,0.9614058171667571,0.00512058794573251,0.004865459614696733,0.009559512115810303,0.013425748408616992,0.005622874748386576,Lying,Lying
10,0.9579441068678656,0.005457380422236651,0.003904844295046114,0.013477421163914424,0.012416263496009959,0.006799983754927189,Lying,Lying
11,0.9603322120958715,0.005263998689262564,0.005553317620882086,0.006498025601549146,0.015366014804156208,0.00698643118827846,Lying,Lying
12,0.9603322120958715,0.005263998689262564,0.005553317620882086,0.006498025601549146,0.015366014804156208,0.00698643118827846,Lying,Lying
13,0.9603322120958715,0.005263998689262564,0.005553317620882086,0.006498025601549146,0.015366014804156208,0.00698643118827846,Lying,Lying
14,0.9603322120958715,0.005263998689262564,0.005553317620882086,0.006498025601549146,0.015366014804156208,0.00698643118827846,Lying,Lying
15,0.9603322120958715,0.005263998689262564,0.005553317620882086,0.006498025601549146,0.015366014804156208,0.00698643118827846,Lying,Lying
16,0.9603322120958715,0.005263998689262564,0.005553317620882086,0.006498025601549146,0.015366014804156208,0.00698643118827846,Lying,Lying
17,0.9603322120958715,0.005263998689262564,0.005553317620882086,0.006498025601549146,0.015366014804156208,0.00698643118827846,Lying,Lying
18,0.9603322120958715,0.005263998689262564,0.005553317620882086,0.006498025601549146,0.015366014804156208,0.00698643118827846,Lying,Lying
19,0.9603322120958715,0.005263998689262564,0.005553317620882086,0.006498025601549146,0.015366014804156208,0.00698643118827846,Lying,Lying
20,0.9603322120958715,0.005263998689262564,0.005553317620882086,0.006498025601549146,0.015366014804156208,0.00698643118827846,Lying,Lying
21,0.9603322120958715,0.005263998689262564,0.005553317620882086,0.006498025601549146,0.015366014804156208,0.00698643118827846,Lying,Lying
22,0.9603322120958715,0.005263998689262564,0.005553317620882086,0.006498025601549146,0.015366014804156208,0.00698643118827846,Lying,Lying
23,0.9603322120958715,0.005263998689262564,0.005553317620882086,0.006498025601549146,0.015366014804156208,0.00698643118827846,Lying,Lying
24,0.9603322120958715,0.005263998689262564,0.005553317620882086,0.006498025601549146,0.015366014804156208,0.00698643118827846,Lying,Lying
25,0.0017171748326897103,0.0009268676658895639,0.0001743037393435394,0.00102036528604468,0.00013638678914758553,0.9960249016868848,Wheeling,Sitting
26,0.0018236191723807577,0.044016838650200264,0.0007164814309370669,0.0032413040149654273,0.002046041506748648,0.948155715224768,Wheeling,Sitting
27,0.0016963266538813893,0.008750093061233786,0.0044603854109813105,0.012128630906544802,0.003690235673117009,0.9692743282942416,Wheeling,Sitting
28,0.003151630842924236,0.8738967445186537,0.004930058977317278,0.007652118833931142,0.002927154591505789,0.10744229223566763,Sitting,Sitting
29,0.001891239216149496,0.21732006457115713,0.004481738470962341,0.007484066088395936,0.0026749418315535093,0.7661479498217816,Wheeling,Sitting
30,0.002339541140525603,0.40649636319899407,0.0053262440191409,0.00611499751567255,0.002904122178168709,0.5768187319474983,Wheeling,Sitting
31,0.003571086096343039,0.9147406975769854,0.0036898059286466635,0.007355389676718658,0.004880193197334119,0.06576282752397211,Sitting,Sitting
32,0.003156713299186924,0.67153644018748,0.010224390794427957,0.007034640597793982,0.00580207884560379,0.30224573627550705,Sitting,Sitting
33,0.003156713299186924,0.67153644018748,0.010224390794427957,0.007034640597793982,0.00580207884560379,0.30224573627550705,Sitting,Sitting
34,0.003156713299186924,0.67153644018748,0.010224390794427957,0.007034640597793982,0.00580207884560379,0.30224573627550705,Sitting,Sitting
35,0.003156713299186924,0.67153644018748,0.010224390794427957,0.007034640597793982,0.00580207884560379,0.30224573627550705,Sitting,Sitting
36,0.003156713299186924,0.67153644018748,0.010224390794427957,0.007034640597793982,0.00580207884560379,0.30224573627550705,Sitting,Sitting
37,0.003156713299186924,0.67153644018748,0.010224390794427957,0.007034640597793982,0.00580207884560379,0.30224573627550705,Sitting,Sitting
38,0.003156713299186924,0.67153644018748,0.010224390794427957,0.007034640597793982,0.00580207884560379,0.30224573627550705,Sitting,Sitting
39,0.002907610592140831,0.006320333972392159,0.012071612556624041,0.9513132209382213,0.022351321819962477,0.005035900120658905,Standing,Standing
40,0.0028102910117246195,0.005337351883116177,0.006254665616484093,0.9788687589815331,0.003936528490193584,0.0027924040169483074,Standing,Standing
41,0.0025405533775384815,0.007183680662493145,0.00515924928059749,0.9821007978550734,0.0018848425671449305,0.0011308762571523993,Standing,Standing
42,0.00241372736766126,0.014202246520193746,0.04899262619919143,0.9271313601215879,0.0010649383692871346,0.006195101422078432,Standing,Standing
43,0.0028492788879254547,0.005179884636272627,0.020290072687798782,0.9486365603590176,0.016964301501366387,0.006079901927619304,Standing,Standing
44,0.00301716319900993,0.00404018936189736,0.002419970561823594,0.9873423309856576,0.0019912158316462685,0.0011891300599650876,Standing,Standing
45,0.0027388528613630043,0.004462117809714452,0.00847580154444137,0.9771507354998791,0.004962615903656172,0.002209876380945594,Standing,Standing
46,0.0029028707712474957,0.0045297312206886535,0.006963119912984455,0.9688115296672855,0.013689905353375862,0.0031028430744179827,Standing,Standing
47,0.002911883524024179,0.003890757746976268,0.0063715513864837205,0.9753843604233567,0.00938377649008468,0.0020576704290744896,Standing,Standing
48,0.002712156311787403,0.004173946264509304,0.0037177324546319003,0.9843104834109795,0.0032620022910561943,0.0018236792670360455,Standing,Standing
49,0.0028097861181238595,0.004772714236631514,0.008744148781329978,0.9739081681411237,0.007110256279104611,0.00265492644368647,Standing,Standing
50,0.0027570828627630317,0.004571941171200332,0.012701277892543337,0.9553545300527919,0.020397339766859836,0.004217828253841268,Standing,Standing
51,0.0031868216463575866,0.005954498461153781,0.01919211344145176,0.8857947990732031,0.08170432481892041,0.004167442558913392,Standing,Standing
52,0.0033633653735353395,0.0035364610158236586,0.006987496499150763,0.9813013328821716,0.0005733438456717702,0.0042380003836467875,Standing,Standing
53,0.004291494812526797,0.011600303454553183,0.09241109258507307,0.45691473733054844,0.42231859469657984,0.012463777120718745,Walking,Standing
54,0.003331139738844095,0.007273527286034523,0.03225088260675856,0.8170501679427952,0.1342376580887074,0.0058566243368598815,Standing,Standing
55,0.0021234571012536015,0.31289178641846477,0.005012314260109319,0.014177471513834732,0.006315573613355032,0.6594793970929821,Wheeling,Wheeling
56,0.0016540368194280064,0.05501172227792552,0.007235924907500937,0.004543905217340937,0.002806550687836728,0.9287478600899679,Wheeling,Wheeling
57,0.003084552989973763,0.6431624667912123,0.0037077299413827477,0.005872745036776073,0.0049943427916113335,0.33917816244904414,Wheeling,Wheeling
58,0.002284079469467942,0.1818854529947252,0.005692457665924033,0.004857924191089009,0.0025871242629161677,0.8026929614158781,Wheeling,Wheeling
59,0.0021146816172495212,0.028420771323209353,0.008434781405376748,0.00726878878436044,0.005819037248954084,0.9479419396208498,Wheeling,Wheeling
60,0.0022684813307646077,0.06941107173987346,0.004092810591089994,0.0055441203262571355,0.003268653599025898,0.9154148624129884,Wheeling,Wheeling
61,0.0022282881777465255,0.17250715464542113,0.0066280843590801886,0.013493511868056488,0.009030301133760002,0.7961126598159357,Wheeling,Wheeling
62,0.0022171534109664006,0.1001075367634389,0.007928573037399139,0.005971794321061458,0.002408236888610578,0.881366705578524,Wheeling,Wheeling
63,0.0025602565508090302,0.015531992669599922,0.015558774555044468,0.009848403424802307,0.007975266866208888,0.9485253059335356,Wheeling,Wheeling
64,0.0022779022677236506,0.272063557884629,0.005133258862688552,0.006239843646196216,0.0033656291899923033,0.7109198081487701,Wheeling,Wheeling
65,0.0023524956662875993,0.08156233614919668,0.005605817621341744,0.008173158009026078,0.007485291320360181,0.894820901233788,Wheeling,Wheeling
66,0.002523245443085442,0.2193552728064826,0.003210310264184264,0.016783964177784657,0.0050535376126960435,0.7530736696957672,Wheeling,Wheeling
67,0.0022385197912442767,0.16451622348201697,0.005634614697157957,0.007905078170594755,0.0045067373973544985,0.8151988264616318,Wheeling,Wheeling
68,0.002282563829999857,0.03722402306659355,0.008474549050268525,0.007680362764037903,0.006405877061500494,0.9379326242275996,Wheeling,Wheeling
69,0.0024276193687233754,0.10528334669110907,0.0043109370583177195,0.013443173605841385,0.00449191795640999,0.8700430053195982,Wheeling,Wheeling
70,0.0022987476593936697,0.024847105151725134,0.003603613331585593,0.011039750969486806,0.004448208495210169,0.9537625743925987,Wheeling,Wheeling
71,0.002254375383808294,0.09676127633388676,0.002123307044077365,0.006597157377842359,0.004551482195445155,0.8877124016649405,Wheeling,Wheeling
72,0.0022271350865674653,0.031255974560073584,0.008506931261392753,0.005877442857356622,0.007243313698669853,0.9448892025359397,Wheeling,Wheeling
73,0.0021218399904660424,0.03915812832647745,0.006015485207447301,0.00750343580998618,0.00549728557652516,0.9397038250890977,Wheeling,Wheeling
74,0.0027148271611105307,0.09442581295576274,0.013566398053291344,0.015530143122315173,0.015766518565144737,0.8579963001423756,Wheeling,Wheeling
75,0.0025694306424348667,0.0429744011253682,0.001506502550070885,0.004328367642485936,0.0034602748667149586,0.9451610231729252,Wheeling,Wheeling
76,0.00240481655468796,0.005402638473900572,0.018145559633456317,0.006356176427594479,0.007162910858389593,0.9605278980519714,Wheeling,Wheeling
77,0.0020855227132180578,0.009672734843423939,0.004325953959079226,0.004111326458828856,0.003549337278614069,0.9762551247468361,Wheeling,Wheeling
78,0.002144526616299783,0.003921505772887016,0.006657988052393607,0.0029738323875962984,0.0030886839185647486,0.9812134632522588,Wheeling,Wheeling
79,0.0022140169842571117,0.0058765353447927365,0.008149449068871084,0.00682972060885873,0.009735776780495477,0.967194501212725,Wheeling,Wheeling
80,0.0022861437706092314,0.007409835047395807,0.007658573639421486,0.007091289026981817,0.007692272036721065,0.9678618864788708,Wheeling,Wheeling
81,0.002215886115767356,0.008201375915591735,0.007604361394959601,0.003593025065951006,0.004567687509292609,0.973817663998438,Wheeling,Wheeling
82,0.0020297624769118317,0.051172672817273536,0.0036620772112619317,0.005432266874766962,0.0029650016563986595,0.9347382189633869,Wheeling,Wheeling
83,0.0021288180257298395,0.01611394225268115,0.00570565242048334,0.006797733138918476,0.0038377626252062555,0.9654160915369809,Wheeling,Wheeling
84,0.002246593688243277,0.047880090952359684,0.007203267277942217,0.0075350937491724,0.0041171795188037555,0.9310177748134788,Wheeling,Wheeling
85,0.0022660846116637017,0.4004497838602305,0.009230508008874774,0.011021752148146782,0.004763229011833921,0.5722686423592501,Wheeling,Wheeling
86,0.001800459900432682,0.18105011573835023,0.005209174471624068,0.008366096077105069,0.005531407636363807,0.7980427461761243,Wheeling,Wheeling
87,0.002814781529841694,0.7526273833619626,0.003334390450653539,0.006590012654866884,0.004663845729750645,0.22996958627292427,Sitting,Wheeling
88,0.0019875359392529015,0.2657590056241172,0.01664833029298623,0.014348088740961577,0.01781895117609793,0.6834380882265843,Wheeling,Wheeling
89,0.00399404688646978,0.480418646026791,0.04600849378056058,0.054835087914347824,0.05084029212807167,0.3639034332637587,Wheeling,Wheeling
90,0.0017521063963463102,0.0023168809229463295,0.04349550697189944,0.003607049741465654,0.9465004371834691,0.002328018783872976,Walking,Walking
91,0.00239155940469026,0.0042013690171524894,0.20191087853091275,0.020683071552043804,0.7668432897038592,0.0039698317913413475,Walking,Walking
92,0.0025301630891043114,0.003846238542490284,0.2033293880516582,0.008315734996018006,0.7783280620963556,0.003650413224373479,Walking,Walking
93,0.0019679478403593262,0.002743916920716005,0.04029236208968908,0.04391637480808393,0.9085924232948165,0.002486975046335125,Walking,Walking
94,0.0021644256210522584,0.00556396197416915,0.0919312557411451,0.03639130339321878,0.8605223142816768,0.003426738988737427,Walking,Walking
95,0.0021130758139923135,0.0024932030377072963,0.044447196395439426,0.022633507170166718,0.9261795565416285,0.0021334610410653813,Walking,Walking
96,0.0029283787964111976,0.0028250615950201146,0.035964411645360975,0.11940225699194579,0.8369827536927275,0.0018971372785342741,Walking,Walking
97,0.0028398193136888574,0.004523460922939123,0.12066240800842641,0.07674774674400217,0.7924771669413813,0.002749398069562152,Walking,Walking
98,0.002212007835608572,0.004474817220368059,0.12038416130997988,0.052701470868183505,0.8167714262037835,0.003456116562076405,Walking,Walking
99,0.002083849252036162,0.0031733038260550296,0.040260081430495,0.022676180949676952,0.9289691177093476,0.0028374668323891796,Walking,Walking
100,0.002229464113863254,0.0031693752556169134,0.05056017715062039,0.045111842740685255,0.8966096207084311,0.002319520030783003,Walking,Walking
101,0.002014994035531956,0.0035938133480934845,0.0734284985562688,0.024908944395540943,0.8930933280610516,0.002960421603513069,Walking,Walking
102,0.0022357897538403627,0.0038262188902776387,0.22751448868534532,0.0038975229502539554,0.7582358161635261,0.004290163556757029,Walking,Walking
103,0.0027590761175716673,0.002226580784843842,0.11732659723876115,0.016110595620830257,0.859974250969517,0.0016028992684762806,Walking,Walking
104,0.0022979797788952837,0.0026512432711647584,0.10937613626216641,0.019437069957721275,0.8641051702088928,0.002132400521159566,Walking,Walking
105,0.0028039942341170003,0.002247329913118617,0.09336640626218605,0.00887583141530277,0.8907972352809008,0.0019092028943741934,Walking,Walking
106,0.002797812256941122,0.0017996005102661348,0.10542692699811429,0.013923798014379605,0.8744675139564869,0.001584348263811744,Walking,Walking
107,0.0017706246397888765,0.003138115475214896,0.10064630482425148,0.015366532715614124,0.8762400901003444,0.002838332244786018,Walking,Walking
108,0.0019121731343283803,0.0029816392416579752,0.050057176716579894,0.04413676061469041,0.8980779033823302,0.002834346910412938,Walking,Walking
109,0.0020792668998978817,0.004069666334299854,0.15513478622541754,0.013398540911648906,0.8219415716201395,0.003376168008596092,Walking,Walking
110,0.0030285831798361907,0.007604358811468751,0.4983371522786929,0.015212332955639998,0.4706556667491648,0.005161906025197549,StairClimbing,Walking
111,0.0027230844033205768,0.005337086920295647,0.2634680613531281,0.013700929446783553,0.7109345275197347,0.003836310356737185,Walking,Walking
112,0.00430937045038764,0.0056931841753955145,0.45133664513172733,0.02119700316176558,0.5140669287236079,0.0033968683571160944,StairClimbing,Walking
113,0.002525612541408274,0.002899438132186636,0.1497425342537899,0.008756910303317269,0.8339094551989155,0.0021660495703823028,Walking,Walking
114,0.004170150638204693,0.8851865912016189,0.006377618148180418,0.012065676278866087,0.009757667334480904,0.08244229639864857,Sitting,Sitting
115,0.0038633110786699333,0.866247201642532,0.0056960109007773,0.012356033432567465,0.006959883273902943,0.10487755967155059,Sitting,Sitting
116,0.003594755639129542,0.792564470512562,0.004333852382821574,0.01227750744975144,0.005519260004792479,0.18171015401094304,Sitting,Sitting
117,0.0034623227463709176,0.81043849156483,0.003092980763081757,0.013554496851046816,0.004067760407967501,0.16538394766670295,Sitting,Sitting
118,0.004548281958119401,0.9151659823990773,0.013654234458442034,0.012456420214281052,0.01580689659835165,0.03836818437172814,Sitting,Sitting
119,0.004548281958119401,0.9151659823990773,0.013654234458442034,0.012456420214281052,0.01580689659835165,0.03836818437172814,Sitting,Sitting
120,0.004548281958119401,0.9151659823990773,0.013654234458442034,0.012456420214281052,0.01580689659835165,0.03836818437172814,Sitting,Sitting
121,0.004548281958119401,0.9151659823990773,0.013654234458442034,0.012456420214281052,0.01580689659835165,0.03836818437172814,Sitting,Sitting
122,0.004548281958119401,0.9151659823990773,0.013654234458442034,0.012456420214281052,0.01580689659835165,0.03836818437172814,Sitting,Sitting
123,0.004548281958119401,0.9151659823990773,0.013654234458442034,0.012456420214281052,0.01580689659835165,0.03836818437172814,Sitting,Sitting
124,0.004548281958119401,0.9151659823990773,0.013654234458442034,0.012456420214281052,0.01580689659835165,0.03836818437172814,Sitting,Sitting
125,0.004548281958119401,0.9151659823990773,0.013654234458442034,0.012456420214281052,0.01580689659835165,0.03836818437172814,Sitting,Sitting
126,0.004548281958119401,0.9151659823990773,0.013654234458442034,0.012456420214281052,0.01580689659835165,0.03836818437172814,Sitting,Sitting
127,0.004548281958119401,0.9151659823990773,0.013654234458442034,0.012456420214281052,0.01580689659835165,0.03836818437172814,Sitting,Sitting
128,0.004548281958119401,0.9151659823990773,0.013654234458442034,0.012456420214281052,0.01580689659835165,0.03836818437172814,Sitting,Sitting
129,0.004548281958119401,0.9151659823990773,0.013654234458442034,0.012456420214281052,0.01580689659835165,0.03836818437172814,Sitting,Sitting
130,0.004548281958119401,0.9151659823990773,0.013654234458442034,0.012456420214281052,0.01580689659835165,0.03836818437172814,Sitting,Sitting
131,0.004548281958119401,0.9151659823990773,0.013654234458442034,0.012456420214281052,0.01580689659835165,0.03836818437172814,Sitting,Sitting
132,0.0018819697840658028,0.033799052587631266,0.005847765786393057,0.006111443052705034,0.003327808055822915,0.9490319607333818,Wheeling,Wheeling
133,0.0018895870479109659,0.01097797567855006,0.006188442856843194,0.012230113496479681,0.008517056016725906,0.9601968249034902,Wheeling,Wheeling
134,0.002062832380719988,0.08662070586842494,0.001229681204859521,0.004634894518232476,0.0034265061742573258,0.9020253798535056,Wheeling,Wheeling
135,0.0024076748315721777,0.19518720454310354,0.0017550368225629775,0.002726187453650343,0.0014009968363264149,0.7965228995127848,Wheeling,Wheeling
136,0.0020452084955699195,0.1009762383427774,0.0020669049851853986,0.0029853756982224085,0.002398106521762912,0.8895281659564819,Wheeling,Wheeling
137,0.0018835512822994492,0.057922372422618815,0.0034175056935046876,0.0024595628287699496,0.001236075707703733,0.9330809320651035,Wheeling,Wheeling
138,0.001849358327089857,0.027740709210269276,0.004967122999496205,0.003989763080848828,0.0031798876263407928,0.9582731587559553,Wheeling,Wheeling
139,0.001904272418843153,0.0033394057419162218,0.004091985585931452,0.009980962175639336,0.006897969581255131,0.9737854044964143,Wheeling,Wheeling
140,0.0018829705337349326,0.017979969937393512,0.0022635203988138016,0.004114543291257952,0.002821990569371821,0.9709370052694285,Wheeling,Wheeling
141,0.002013844175498249,0.0037870368931479785,0.0045788235281788965,0.0029411184646498775,0.004622742885843158,0.9820564340526822,Wheeling,Wheeling
142,0.0021379462889320683,0.03407537800828855,0.0016953359086111495,0.0013352824476452303,0.00105827053210217,0.9596977868144208,Wheeling,Wheeling
143,0.0022395966097148593,0.004244940852912234,0.00347966618425095,0.0019121005842856727,0.001477443344734361,0.9866462524241018,Wheeling,Wheeling
144,0.002176840955272821,0.0264393825338379,0.0016070442090855464,0.0019574488059004554,0.0011303410005270905,0.9666889424953762,Wheeling,Wheeling
145,0.0022862247715035667,0.03720992001037832,0.0007404386492883047,0.0010327266642498466,0.0005037701919983918,0.9582269197125814,Wheeling,Wheeling
146,0.0024621950848445944,0.0023906829859592503,0.0018524452505715525,0.0018846391229175013,0.0009261099621384053,0.9904839275935686,Wheeling,Wheeling
147,0.002504065548939467,0.004134266605850835,0.0020976311763059655,0.00101173478439011,0.001266176719415551,0.9889861251650978,Wheeling,Wheeling
148,0.0023761141693653316,0.0012553412864400736,0.001722853035663707,0.002947743126143471,0.0016378750017869016,0.9900600733806006,Wheeling,Wheeling
149,0.00216025634674902,0.005784725700130524,0.002979589876501388,0.0019698109697176796,0.0020520317397360066,0.9850535853671657,Wheeling,Wheeling
150,0.0024181786096123016,0.002102888687887829,0.0013089221197055939,0.0014233058190713567,0.001259538063319181,0.9914871667004037,Wheeling,Wheeling
151,0.00226124987012411,0.0031873747743447083,0.00307363809816069,0.001235637626643048,0.0010829127565822444,0.9891591868741454,Wheeling,Wheeling
152,0.0022429490024006324,0.0036210955312695257,0.0022807934151117047,0.0034412934430078025,0.002071602568788985,0.9863422660394214,Wheeling,Wheeling
153,0.002325181474823902,0.002299987336433226,0.0011660670048142662,0.0010509723545551984,0.001423255305454536,0.9917345365239191,Wheeling,Wheeling
154,0.0024263292642032488,0.0029161930473120953,0.0015666014095646252,0.0016244457382222116,0.0010310119822505087,0.9904354185584474,Wheeling,Wheeling
155,0.0022613409300714484,0.004281066671835461,0.0013151510362545736,0.0023131771600358514,0.0015905460612500952,0.9882387181405528,Wheeling,Wheeling
156,0.0022486078955837817,0.004893471834027231,0.002095473629252968,0.0013046730493741446,0.0007715957113797758,0.9886861778803819,Wheeling,Wheeling
157,0.0022946577384767375,0.03170720114510407,0.0014992210424825956,0.0012470352910527087,0.000975344329785629,0.9622765404530981,Wheeling,Wheeling
158,0.002318909129852851,0.00582782427669661,0.0021426007588928194,0.002108233290136525,0.0013485985925166955,0.9862538339519047,Wheeling,Wheeling
159,0.0022854606639723662,0.00686747993457644,0.001028197508774594,0.0022040289605306912,0.0013099253493005262,0.9863049075828454,Wheeling,Wheeling
160,0.00229507757488009,0.007906973714221846,0.0020538038812399633,0.0021686825969422954,0.0019161785109275604,0.9836592837217886,Wheeling,Wheeling
161,0.0023943747098735717,0.003564817900827802,0.0028098638127156904,0.0015496587893127768,0.0013389241685564342,0.9883423606187138,Wheeling,Wheeling
162,0.002069277719638641,0.01609570832567243,0.001262123181857567,0.004369785666623144,0.0025241244483626517,0.9736789806578454,Wheeling,Wheeling
163,0.0020840370610939267,0.05250547909289993,0.0019340355088571404,0.0016964504698751758,0.000857157701370199,0.9409228401659038,Wheeling,Wheeling
164,0.0023485827358871074,0.3300574985619888,0.0028661938975505503,0.002819859162957055,0.0014553890436482663,0.6604524765979684,Wheeling,Wheeling
165,0.002237511647632084,0.020275174171269342,0.013354497782106928,0.01009563042761712,0.008823542994083614,0.945213642977291,Wheeling,Wheeling
166,0.0024964721045212974,0.3199510728011545,0.035028224320542735,0.023970667430144605,0.012223629529929211,0.6063299338137078,Wheeling,Wheeling
167,0.9726969035187137,0.0040023686983230245,0.004854862490518477,0.005100827415076398,0.009245562944346097,0.004099474933022265,Lying,Lying
168,0.9718394348490172,0.0030615531656648393,0.0036697253659238064,0.008230927309049571,0.010095915094374939,0.0031024442159693997,Lying,Lying
169,0.9742171477912381,0.0030596593437328544,0.004813549101840373,0.005471137198125126,0.009357360912426893,0.003081145652636532,Lying,Lying
170,0.9680528191655259,0.0034703685018599964,0.005646898884190391,0.009093432055103602,0.010432459051637632,0.0033040223416826407,Lying,Lying
171,0.9650313398449651,0.0032990065598256495,0.005106151377415974,0.010099210263100369,0.012539734790983068,0.003924557163709623,Lying,Lying
172,0.9658634845933823,0.0032889750190286675,0.005680816840570755,0.008184685391427986,0.01329357332631214,0.0036884648292784617,Lying,Lying
173,0.9695320658740426,0.0031712296516512085,0.00505942162277963,0.00826026802797044,0.01087161219849767,0.003105402625058107,Lying,Lying
174,0.9697745449034882,0.0031109791019270656,0.005180477545452211,0.008100283327368797,0.010747176439336658,0.0030865386824269403,Lying,Lying
175,0.9690649182529038,0.0031347516495853823,0.003969145174349669,0.010082341426560497,0.010671242788819495,0.0030776007077812813,Lying,Lying
176,0.967489023395538,0.0032158640990703285,0.00468794770979069,0.01049660980045407,0.01095280930654427,0.0031577456886024828,Lying,Lying
177,0.9672615456230906,0.0032933436043258344,0.004304584394311856,0.0123703755005547,0.009527095255179262,0.00324305562253759,Lying,Lying
178,0.9682655970100651,0.0030142841647297336,0.0059319525928934365,0.0048438587149976925,0.01399318110205549,0.003951126415259006,Lying,Lying
179,0.9682655970100651,0.0030142841647297336,0.0059319525928934365,0.0048438587149976925,0.01399318110205549,0.003951126415259006,Lying,Lying
180,0.9612652997959417,0.0032855770139463363,0.0069346908030293985,0.01031996433764588,0.014340414973686384,0.0038540530757502837,Lying,Lying
181,0.9678723922505778,0.00301126982321893,0.004978380021632266,0.009443426937054907,0.011666473772397669,0.0030280571951187465,Lying,Lying
182,0.9698752053506795,0.0029083874815547485,0.005037870041181095,0.007249349728297953,0.011773081939627165,0.003156105458659758,Lying,Lying
183,0.9649161906719834,0.0032363566351609127,0.00522910152597094,0.013076013335287127,0.009795902983183278,0.0037464348484145256,Lying,Lying
184,0.9721131078070967,0.0028664428606943325,0.004659329796816969,0.00857585275212089,0.00918418736562949,0.002601079417641372,Lying,Lying
185,0.9751698528511737,0.0026049360108099974,0.00244927969365848,0.011428310840629098,0.005599790919604228,0.0027478296841248716,Lying,Lying
186,0.0031179602342850036,0.0034346352033087697,0.012537852231624947,0.9422552126998716,0.035613474672947044,0.0030408649579624822,Standing,Standing
187,0.002937160494695685,0.0026815367580546325,0.008561101805493737,0.971213957977081,0.012435469101193313,0.0021707738634817353,Standing,Standing
188,0.0028330687582694084,0.003573233077148182,0.006553428598509665,0.9641786745144476,0.02124702119801455,0.0016145738536108266,Standing,Standing
189,0.0032519585240417194,0.003479072076231697,0.006561857576540172,0.9716251708458066,0.012829006346043276,0.0022529346313369357,Standing,Standing
190,0.0027243134093707503,0.003245150520565166,0.006119376496474663,0.9542697050211532,0.03241689961607957,0.0012245549363563584,Standing,Standing
191,0.003003108069037082,0.0036810272630069477,0.012065020828415948,0.9269936920052698,0.05220271743155722,0.002054434402712815,Standing,Standing
192,0.002887811040101463,0.0029799735157763174,0.002897649209495923,0.9838511234418046,0.006580487819415844,0.0008029549734059579,Standing,Standing
193,0.00294274184316833,0.003226580304779862,0.0017703862269187569,0.9885665423989397,0.00021363311007817492,0.0032801161161149332,Standing,Standing
194,0.0037976222513850387,0.005445587589329936,0.043053452862698884,0.7835590438731647,0.1554429265362814,0.00870136688714008,Standing,Standing
195,0.003128902256778884,0.0029963179176313815,0.004834082815481584,0.9739952943080911,0.013722825184214435,0.001322577517802616,Standing,Standing
196,0.002970347443003033,0.0034087822377051663,0.011040640358545965,0.9478551769956888,0.03277599498799972,0.001949057977057331,Standing,Standing
197,0.003245178925504666,0.00347883833267208,0.007151907906991806,0.9704337704940915,0.013329488525450132,0.002360815815289644,Standing,Standing
198,0.002838374187993687,0.0032273324095823193,0.005916895401620433,0.9823944853577883,0.0046394127769952154,0.0009834998660201405,Standing,Standing
199,0.0028154230758884982,0.0032693515066135504,0.012825394853563645,0.9519696015624123,0.026856986144118654,0.0022632428574038714,Standing,Standing
200,0.002863400350181274,0.003368693641181082,0.007716997129935225,0.9609465473155667,0.022937913344674557,0.0021664482184613767,Standing,Standing
201,0.003087668739832025,0.003364818536593153,0.002897557482508292,0.9861870290677407,0.0023451711831934444,0.0021177549901322677,Standing,Standing
202,0.002884682838895584,0.003100472410625603,0.009727564574822344,0.972421337573769,0.010122841265348934,0.0017431013365383334,Standing,Standing
203,0.002925427613317772,0.0032347927048902644,0.009600792375665548,0.9805809660627096,0.0009515537053924299,0.0027064675380239073,Standing,Standing
204,0.0028112295479752695,0.003873077623248561,0.008550478571836145,0.9824652412412823,0.0007544439430270728,0.0015455290726305595,Standing,Standing
205,0.0028427436369009413,0.003955723126777359,0.005902241321609762,0.981805357512405,0.0035796117827128437,0.0019143226195942062,Standing,Standing
206,0.0027725717930994955,0.003640325834081221,0.008146107504119437,0.9745546134484426,0.00834373562293116,0.002542645797326242,Standing,Standing
207,0.003191602188514908,0.002770275985562916,0.0096138328118747,0.9592568198525719,0.024126082747341734,0.0010413864141339206,Standing,Standing
208,0.00265979113210378,0.00853589531765726,0.0594594288764069,0.9153197777624967,0.00989468212429605,0.00413042478703907,Standing,Walking
209,0.0016382227233107474,0.0032084477189077178,0.0478283619491062,0.026364297603415146,0.9186517533240419,0.002308916681218875,Walking,Walking
210,0.0017605106670167776,0.0019062875372249026,0.028567271374072722,0.0038831149878025143,0.9612973295286191,0.00258548590526425,Walking,Walking
211,0.001748206446537793,0.0030289551133048064,0.042481822953252334,0.013372406345965286,0.9365978398086067,0.0027707693323336135,Walking,Walking
212,0.0020461053643351756,0.0022249008146703686,0.054615205168856255,0.010429899382649833,0.928201805671339,0.0024820835981496712,Walking,Walking
213,0.0020299261595035545,0.0018508845794232606,0.03483961961157465,0.013070195740654827,0.9464058699176477,0.001803503991195854,Walking,Walking
214,0.0022834008134107204,0.002226575895850451,0.06978142519833894,0.04208234903987593,0.8818662065603086,0.001760042492215509,Walking,Walking
215,0.002208601702444784,0.0017644033189296812,0.03861105740063954,0.006754555122340995,0.9491975527343077,0.001463829721336951,Walking,Walking
216,0.002089722870127381,0.0018416579024894122,0.019606394650197034,0.03616077141390736,0.9386478530446416,0.0016536001186374413,Walking,Walking
217,0.00539356083903046,0.004359150997028598,0.5778468140372545,0.03524621470471759,0.36877948789305837,0.008374771528910757,StairClimbing,Walking
218,0.003425304652777568,0.0017500295631092191,0.2580656169289204,0.0040758341149552835,0.7293681271203711,0.00331508761986579,Walking,Walking
219,0.0030790721693243436,0.0018631693489625512,0.2964182869980455,0.0041356816623228185,0.6904458461151575,0.004057943706187276,Walking,Walking
220,0.002250669749836295,0.001983308308351666,0.19578331967281074,0.003252354971483397,0.7920756923792157,0.00465465491830206,Walking,Walking
221,0.0019713214153524445,0.0017719372963575259,0.05925408052665373,0.006508232727891164,0.9282546332736181,0.002239794760127081,Walking,Walking
222,0.0018044715972382944,0.0025913512595935897,0.07152166165679416,0.006727846265771958,0.913573368347388,0.003781300873213876,Walking,Walking
223,0.002224088776949528,0.001801086368219911,0.14002560297064673,0.0033412332441995927,0.8498205094933161,0.002787479146668046,Walking,Walking
224,0.0029174705443797116,0.0025866183921027667,0.2323912187290462,0.016838846301584387,0.742675076034811,0.002590769998075988,Walking,Walking
225,0.002485121334330941,0.00304037200708557,0.03409912354953664,0.04253641892004903,0.9160930126313774,0.0017459515576199937,Walking,Walking
226,0.0026395729943994566,0.002837350942106627,0.15779916407535807,0.014008964763844313,0.8196530135223213,0.0030619337019702304,Walking,Walking
227,0.002276272807570107,0.0015686809412928855,0.08136590805757012,0.00198820911912958,0.9105947067925274,0.002206222281910096,Walking,Walking
228,0.002138384120470717,0.001540319585406043,0.065652993732114,0.008469921045471559,0.920025099603056,0.0021732819134818388,Walking,Walking
229,0.0026287139527021207,0.0016609247090120774,0.15173705157624254,0.002357185307275208,0.8389237115838601,0.0026924128709081697,Walking,Walking
230,0.006713670360789423,0.002622139947997313,0.7274080021278522,0.0045823666594722555,0.2567891571342755,0.0018846637696133808,StairClimbing,Walking
231,0.0028159322998032033,0.0022959881277970894,0.2724415777442177,0.002004876578702619,0.7164397949995787,0.004001830249900981,Walking,Walking
232,0.0018899657726815736,0.0027225320602038256,0.056171408278050006,0.004316678645621352,0.9311726932893176,0.003726721954125382,Walking,Walking
233,0.002420322107243074,0.003150549670204838,0.08291307692068173,0.027451636069890983,0.8816592419208902,0.0024051733110894346,Walking,Walking
234,0.002515655560227385,0.007866988871950812,0.10699540346100876,0.262045423463576,0.6134695898258807,0.007106938817356321,Walking,Walking
235,0.002248038446471791,0.0047224930262766895,0.08283141858810672,0.11440636162425005,0.7927721697599059,0.003019518554989108,Walking,Walking
236,0.0025499566607980906,0.007280451793962104,0.23413427214473143,0.0589617223459781,0.6922289347634072,0.004844662291122969,Walking,Walking
237,0.002021218985157045,0.006190075597665788,0.200442110461444,0.04139173711164554,0.7437459498781033,0.006208907965984233,Walking,Walking
238,0.002556368996351051,0.004239648121328823,0.08167257142215902,0.0268559126420767,0.8818220188519746,0.00285347996610985,Walking,Walking
239,0.0024419971578186106,0.005920999909900845,0.15939007425842935,0.04247957757284947,0.7861621546316125,0.0036051964693894632,Walking,Walking
240,0.0024711116999792614,0.006115348588805082,0.17444739221746297,0.04892284002510328,0.7637222311036599,0.00432107636498924,Walking,Walking
241,0.002121310912656011,0.0057014210429827536,0.16529457497732755,0.04189493972276213,0.78056564789484,0.004422105449431685,Walking,Walking
242,0.002372191654907836,0.004156522852365701,0.10306949053415713,0.041212294705420906,0.8464268277555433,0.0027626724976050473,Walking,Walking
243,0.0025318358470625252,0.005996562577343254,0.15950952348024902,0.03289869801806162,0.7949848757443501,0.004078504332933783,Walking,Walking
244,0.0020558471230714337,0.0053696710664544855,0.1777916862577192,0.02481799576727599,0.7842110915350031,0.005753708250475594,Walking,Walking
245,0.0018657574720790594,0.003201326822375887,0.028958413612603436,0.0364320057758528,0.9260560482036172,0.003486448113471608,Walking,Walking
246,0.0019661604306335655,0.003820737794772072,0.07099801425470464,0.01478384962838185,0.9043933819076087,0.004037855983898992,Walking,Walking
247,0.0026606792278209474,0.00548759243595891,0.15397265459030512,0.04120725212324522,0.7927722928317569,0.003899528790912926,Walking,Walking
248,0.0018916126446978248,0.004188295888335709,0.07766482275927229,0.03967830832211215,0.8731003877966562,0.003476572588926062,Walking,Walking
249,0.001888790106156609,0.004358480255587572,0.06516850010539606,0.039386364366244896,0.8856483461302098,0.003549519036404986,Walking,Walking
250,0.0016270022811073165,0.005046077970018048,0.04816704273927221,0.015550951156855522,0.9228435750624694,0.006765350790277427,Walking,Walking
251,0.0019282499035733493,0.003989713894914117,0.06509614959137959,0.034943938311909166,0.8902455321310986,0.0037964161671251145,Walking,Walking
252,0.0023938097734010765,0.004253457618282137,0.138190138877165,0.01676361969069854,0.8342921736976654,0.004106800342787864,Walking,Walking
253,0.001533342717165985,0.004446345016506281,0.058651620930390655,0.01381239998173783,0.9153860669970385,0.006170224357160545,Walking,Walking
254,0.0018780279986843136,0.002819640930479598,0.044266262623361946,0.03546180724895944,0.9134218573103257,0.0021524038881892207,Walking,Walking
255,0.0020475348038627513,0.004886766916203616,0.10650176975003914,0.08242895852524618,0.8005877430542008,0.0035472269504475246,Walking,Walking
256,0.0019648448065360917,0.004461407534540863,0.0752829638371114,0.07191753493071193,0.8441523326808139,0.0022209162102861412,Walking,Walking
257,0.0015624521011365947,0.002883576934425135,0.025094206818898106,0.022203157629012305,0.9450001298834627,0.0032564766330651254,Walking,Walking
258,0.0016127635816442995,0.0032002437806406547,0.027556238717225758,0.020831950850392713,0.9434444704323519,0.0033543326377447947,Walking,Walking
259,0.0016722679253520546,0.002862265292571719,0.04283177093552521,0.023268063819354527,0.9268684597442556,0.0024971722829407426,Walking,Walking
260,0.002118707612322703,0.004373643835650291,0.12923407360538047,0.027827826174568967,0.8332462935411941,0.003199455230883542,Walking,Walking
261,0.0018151042665072086,0.0023291132343460958,0.059548305605218635,0.004953996038952717,0.9280433012588735,0.003310179596102322,Walking,Walking
262,0.0017551400547916127,0.0019812018034592632,0.08414058215432059,0.003136871963951623,0.90582557318665,0.0031606308368266564,Walking,Walking
263,0.002043103398687145,0.002219650546056177,0.0963932863707905,0.00766955872089753,0.8891055749949619,0.002568825968606764,Walking,Walking
264,0.0018035049618562733,0.001409371574414442,0.025911716087658132,0.005526838211103469,0.9630919596608224,0.0022566095041453254,Walking,Walking
265,0.0022497719571024197,0.001802325527791829,0.10659205397320069,0.004799112116503156,0.8817988410047368,0.002757895420664973,Walking,Walking
266,0.002041608871033146,0.0017752842864831922,0.044140017782859337,0.004329967586000006,0.945733217950083,0.0019799035235410025,Walking,Walking
267,0.0033927694641512378,0.0011518902799672291,0.03180705615115894,0.030980372143878977,0.931799273100168,0.0008686388606754987,Walking,Walking
268,0.002371172507650785,0.0038863928049567733,0.0666935613873706,0.1459296893967422,0.777460454480097,0.003658729423182936,Walking,Standing
269,0.0031681768026699665,0.00648672175589893,0.022517505503371844,0.9002459519043096,0.06278117995039857,0.0048004640833512816,Standing,Standing
270,0.002505933856174409,0.005340613727353592,0.006299627384818908,0.9800610217328908,0.003839900029339621,0.0019529032694226203,Standing,Standing
271,0.002441976810818877,0.0073514653424062455,0.021191571690173435,0.9510439773437723,0.014220915828296519,0.0037500929845323177,Standing,Standing
272,0.0025046745275608584,0.004608005352194881,0.010509501893340188,0.9551339224648198,0.02392495987374328,0.003318935888341102,Standing,Standing
273,0.0029686083432253632,0.00802630657898431,0.013691003508515048,0.9422824947037771,0.0267102403874348,0.006321346478063131,Standing,Standing
274,0.0024958812191996963,0.004871204697215061,0.0035601185453617615,0.9784208818043615,0.007267865167076954,0.003384048566784943,Standing,Standing
275,0.002555525959272132,0.00633686567003244,0.022315979233901655,0.916685372158765,0.04883631124657478,0.0032699457314539493,Standing,Standing
276,0.002340803983426269,0.005581210567519661,0.008090775752580253,0.9686178867501525,0.012227499814484266,0.00314182313183705,Standing,Standing
