,0,1,2,3,4,5,modelStates,target
0,0.9636576433298728,0.015135698178563174,0.006141013351973212,0.004054843508978146,0.004102423501881389,0.006908378128730981,Lying,Lying
1,0.9584094310232648,0.016623499041562607,0.007709458498355492,0.0049447531648022895,0.003926425747227372,0.0083864325247876,Lying,Lying
2,0.9623200956200056,0.015334506415720896,0.007381703324551451,0.004304695906655186,0.003564970830036814,0.007094027903030434,Lying,Lying
3,0.9640724665406896,0.014946823850333456,0.006150245693009342,0.00416515157163322,0.003903592401391482,0.00676171994294286,Lying,Lying
4,0.9596119390298196,0.015203348728983327,0.008029560899776871,0.005018572623365993,0.004009430271997911,0.008127148446056267,Lying,Lying
5,0.9621753616271681,0.015295146088676556,0.007131692378969356,0.004520738611434061,0.0034901155176427024,0.007386945776109224,Lying,Lying
6,0.9636762779458512,0.01494384072115862,0.007019853172904803,0.004131121020711747,0.0034236134121708966,0.006805293727202779,Lying,Lying
7,0.9632257220378518,0.015093932826467288,0.007031858608325022,0.00432075536849239,0.003322388188577496,0.007005342970285901,Lying,Lying
8,0.9611464259317831,0.015954596471052008,0.006627758198620621,0.004863192526088686,0.003748278484203294,0.007659748388252211,Lying,Lying
9,0.9576057526996528,0.01642879046650651,0.007958562497613833,0.006451020767769336,0.003246230911727746,0.00830964265672987,Lying,Lying
10,0.9582247043238526,0.01783487463470171,0.007256913730382324,0.004524766856385876,0.004374913733972261,0.007783826720705309,Lying,Lying
11,0.9582247043238526,0.01783487463470171,0.007256913730382324,0.004524766856385876,0.004374913733972261,0.007783826720705309,Lying,Lying
12,0.9582247043238526,0.01783487463470171,0.007256913730382324,0.004524766856385876,0.004374913733972261,0.007783826720705309,Lying,Lying
13,0.9582247043238526,0.01783487463470171,0.007256913730382324,0.004524766856385876,0.004374913733972261,0.007783826720705309,Lying,Lying
14,0.9582247043238526,0.01783487463470171,0.007256913730382324,0.004524766856385876,0.004374913733972261,0.007783826720705309,Lying,Lying
15,0.9582247043238526,0.01783487463470171,0.007256913730382324,0.004524766856385876,0.004374913733972261,0.007783826720705309,Lying,Lying
16,0.9582247043238526,0.01783487463470171,0.007256913730382324,0.004524766856385876,0.004374913733972261,0.007783826720705309,Lying,Lying
17,0.9582247043238526,0.01783487463470171,0.007256913730382324,0.004524766856385876,0.004374913733972261,0.007783826720705309,Lying,Lying
18,0.9582247043238526,0.01783487463470171,0.007256913730382324,0.004524766856385876,0.004374913733972261,0.007783826720705309,Lying,Lying
19,0.9554209818260685,0.01414557135815672,0.011334711036642898,0.0024992862278754796,0.007387244776176394,0.009212204775080212,Lying,Lying
20,0.0030400216461459757,0.9415231007302817,0.004080246470447965,0.025667409213402805,0.005202183892814343,0.02048703804690724,Sitting,Sitting
21,0.0033995090217250755,0.8285555593922859,0.01078425327840623,0.12075457558256658,0.007104627963504312,0.029401474761511996,Sitting,Sitting
22,0.003879663764489795,0.9117758542393055,0.024616328344165318,0.017895221337233386,0.02009827197197342,0.021734660342832585,Sitting,Sitting
23,0.0031889293802666386,0.7602615051876698,0.020698362461572632,0.14142652954777565,0.01109394963770235,0.06333072378501291,Sitting,Sitting
24,0.0033161528682442527,0.934425684330696,0.011862755199448089,0.027205823488463298,0.009935541604798507,0.013254042508349793,Sitting,Sitting
25,0.011186209347496059,0.4538910464796644,0.040062398083144365,0.25090380985345107,0.0238974752994056,0.22005906093683825,Sitting,Sitting
26,0.0033503509532099933,0.8241502109457018,0.023947761279570243,0.06404054458310798,0.008537436627788832,0.0759736956106207,Sitting,Sitting
27,0.003713677467136289,0.7470600932467255,0.010023265609019236,0.17383120132521412,0.0056543818306841135,0.05971738052122054,Sitting,Sitting
28,0.0032025039950667254,0.8675744973591464,0.010736384370737371,0.0705569685862143,0.006371672321606322,0.041557973367229294,Sitting,Sitting
29,0.003294974629296255,0.9449204838503983,0.009019435744664467,0.018376597643414403,0.00759090416276758,0.01679760396945872,Sitting,Sitting
30,0.0034995501753267368,0.955599588175452,0.014417341414801584,0.0066874334833507895,0.00838000320353021,0.01141608354753825,Sitting,Sitting
31,0.004840874253802879,0.6177008595407063,0.010910649898637952,0.29027491512234443,0.0062553594667916785,0.07001734171771676,Sitting,Sitting
32,0.004840874253802879,0.6177008595407063,0.010910649898637952,0.29027491512234443,0.0062553594667916785,0.07001734171771676,Sitting,Sitting
33,0.0034647911522750667,0.9722043840690604,0.0059556727773227135,0.004131044044599743,0.00758063650964277,0.006663471447099106,Sitting,Sitting
34,0.00368565982633197,0.9171612154673419,0.017419755273777083,0.010970248650088513,0.012704044486475254,0.03805907629598501,Sitting,Sitting
35,0.0026544161944578146,0.9508666273752665,0.00359284801157707,0.021815326308269052,0.0025792134439764185,0.018491568666453177,Sitting,Sitting
36,0.0029271850505440517,0.8273621758828965,0.013282297375681611,0.03382115568692498,0.006099814823891811,0.11650737118006084,Sitting,Sitting
37,0.0027461780220275683,0.915264389831135,0.007745438932729272,0.020451321762490027,0.004699711227146679,0.04909296022447151,Sitting,Sitting
38,0.0029038445696503226,0.9744147794177491,0.003350273872093434,0.011783210071743851,0.003156474118326786,0.004391417950436611,Sitting,Sitting
39,0.0029038445696503226,0.9744147794177491,0.003350273872093434,0.011783210071743851,0.003156474118326786,0.004391417950436611,Sitting,Sitting
40,0.004721123691310774,0.5252657783144251,0.1062550741169615,0.26780828006928864,0.058315939338682156,0.03763380446933204,Sitting,Standing
41,0.0036692972636512165,0.3545928866393272,0.060873993391733314,0.5071126863379473,0.03218746767569443,0.04156366869164659,Standing,Standing
42,0.003666382263241883,0.04101518962184871,0.030756475052268525,0.9047195156149156,0.004671167815617379,0.015171269632107375,Standing,Standing
43,0.003666382263241883,0.04101518962184871,0.030756475052268525,0.9047195156149156,0.004671167815617379,0.015171269632107375,Standing,Standing
44,0.003666382263241883,0.04101518962184871,0.030756475052268525,0.9047195156149156,0.004671167815617379,0.015171269632107375,Standing,Standing
45,0.003666382263241883,0.04101518962184871,0.030756475052268525,0.9047195156149156,0.004671167815617379,0.015171269632107375,Standing,Standing
46,0.003666382263241883,0.04101518962184871,0.030756475052268525,0.9047195156149156,0.004671167815617379,0.015171269632107375,Standing,Standing
47,0.003666382263241883,0.04101518962184871,0.030756475052268525,0.9047195156149156,0.004671167815617379,0.015171269632107375,Standing,Standing
48,0.003666382263241883,0.04101518962184871,0.030756475052268525,0.9047195156149156,0.004671167815617379,0.015171269632107375,Standing,Standing
49,0.003666382263241883,0.04101518962184871,0.030756475052268525,0.9047195156149156,0.004671167815617379,0.015171269632107375,Standing,Standing
50,0.003666382263241883,0.04101518962184871,0.030756475052268525,0.9047195156149156,0.004671167815617379,0.015171269632107375,Standing,Standing
51,0.003666382263241883,0.04101518962184871,0.030756475052268525,0.9047195156149156,0.004671167815617379,0.015171269632107375,Standing,Standing
52,0.0035251980402408616,0.41394338586632323,0.056199341635454474,0.4615186290021495,0.02528589528617466,0.03952755016965729,Sitting,Standing
53,0.0010273898634180199,0.014941573056273949,0.0029293962051274553,0.0028820371013524248,0.0016250734150228712,0.9765945303588051,Wheeling,Wheeling
54,0.0010105113856762593,0.0037609427833694524,0.004590924390754437,0.0032035827483093094,0.0011871439305438313,0.9862468947613466,Wheeling,Wheeling
55,0.0011640222993657048,0.023207213842037014,0.002326969533692873,0.025208426188571064,0.0010621883237948726,0.9470311798125383,Wheeling,Wheeling
56,0.001228990730365147,0.054226960359460764,0.0007616230049435975,0.0022194413844142218,0.0005418560537282809,0.9410211284670882,Wheeling,Wheeling
57,0.0011349544097646496,0.014641275065485982,0.001245157484837755,0.0013267046446989396,0.0005731938899742834,0.9810787145052384,Wheeling,Wheeling
58,0.0011149062860063385,0.0070591074371226204,0.0015895955651235492,0.0009378743969611906,0.0007350828404591288,0.9885634334743271,Wheeling,Wheeling
59,0.001234379354075421,0.008591973511248768,0.0001600600238408918,0.000685765736573866,0.00014093910861738437,0.9891868822656437,Wheeling,Wheeling
60,0.0011856910823651958,0.008753259889751288,0.0004236291163236835,0.0005565326339965679,0.00039289760202155047,0.9886879896755418,Wheeling,Wheeling
61,0.0011964984841938225,0.027144917184506342,0.0007185278850114779,0.0022299166061893164,0.0005594053753724346,0.9681507344647264,Wheeling,Wheeling
62,0.0010798163112252475,0.007978350515398828,0.00047744881408855465,0.0021734306061543082,0.00041261082320238944,0.9878783429299307,Wheeling,Wheeling
63,0.0011339014992027498,0.0027279287387644833,0.00019362566849792,0.0009433922674321276,0.00017036800460931044,0.9948307838214936,Wheeling,Wheeling
64,0.0010951329511109749,0.008287262463255502,0.00025800132277571956,0.0018748309215128114,0.00024041272207146267,0.9882443596192735,Wheeling,Wheeling
65,0.0011531256518708783,0.022889917555891273,0.00010493589377301172,0.0010656397046769012,0.0001269061416391332,0.9746594750521487,Wheeling,Wheeling
66,0.0012346809162633162,0.04189075650562539,0.00037867153970101865,0.0006965908065837222,0.0002379813831168785,0.9555613188487095,Wheeling,Wheeling
67,0.0011899815006625226,0.02247114766065062,0.0002605645410695602,0.0009291660892292668,0.00024913751737000873,0.9749000026910178,Wheeling,Wheeling
68,0.0013876355981438404,0.03312552030307907,0.00023738340629207458,0.0006583378852496422,0.0002081789547115717,0.9643829438525238,Wheeling,Wheeling
69,0.001191544895557659,0.019419512429229062,0.0002744567330127793,0.0010781974331150281,0.00021771793096642228,0.9778185705781193,Wheeling,Wheeling
70,0.0012231755516064675,0.008363664264797918,0.00043943047446863386,0.0006505693585395078,0.00026793967329148916,0.9890552206772958,Wheeling,Wheeling
71,0.0011638092326496255,0.01419230762616678,0.0009015503842586928,0.0023230293609229203,0.0008395449932678188,0.9805797584027346,Wheeling,Wheeling
72,0.0021281714663760275,0.01211668345480689,0.17473704296341727,0.001214632318604762,0.006356086655160251,0.8034473831416349,Wheeling,Wheeling
73,0.001346655631856513,0.13476604455384478,0.0017511165613611835,0.004057393217972763,0.0012858805590844466,0.8567929094758803,Wheeling,Wheeling
74,0.0012273110741712198,0.024901924104234145,0.0023160735150387687,0.00903229885364123,0.0017492645945876128,0.9607731278583268,Wheeling,Wheeling
75,0.0011315537657289102,0.007032955796436766,0.0014166811978135283,0.0036080449927870916,0.0008599204398630129,0.9859508438073707,Wheeling,Wheeling
76,0.0011667113017589839,0.012437025174230816,0.0012304878258946267,0.0030460970572617203,0.0008341153338983737,0.9812855633069555,Wheeling,Wheeling
77,0.0011044048660077642,0.009716494734264548,0.0009218284513548884,0.0052643814141115864,0.0007149013379158904,0.9822779891963453,Wheeling,Wheeling
78,0.0011422820662002424,0.02633390124296989,0.0003998962619260252,0.004448284282679108,0.0004329022664341709,0.9672427338797908,Wheeling,Wheeling
79,0.0013098723569723426,0.030832550572892074,0.0010957411544627966,0.0035927096963461703,0.0009101829139155063,0.9622589433054111,Wheeling,Wheeling
80,0.0012409500947922116,0.025746220589360724,0.0013245881877844386,0.004013452330490896,0.0010036866161489306,0.9666711021814228,Wheeling,Wheeling
81,0.0010912479372040818,0.00365989887731185,0.0008578071443364174,0.002663501725607756,0.0007181935033483154,0.9910093508121912,Wheeling,Wheeling
82,0.0010606765681796422,0.0047745939724545125,0.0014903967833813875,0.005124279576260872,0.0007747506055756351,0.9867753024941478,Wheeling,Wheeling
83,0.000998781555580747,0.003342410422214598,0.0005145381558630743,0.006106808242838913,0.0004242236354031324,0.9886132379880999,Wheeling,Wheeling
84,0.001145628137174081,0.013506691114118742,0.0012868779047001883,0.003257710340404816,0.0008324010931866897,0.9799706914104154,Wheeling,Wheeling
85,0.001186683899303803,0.018835408881214023,0.0007971181199222762,0.004180372081766321,0.0005907902794060092,0.9744096267383875,Wheeling,Wheeling
86,0.001175538284774611,0.05872895027940035,0.0007449593207910504,0.0019227174988342103,0.00045698402400060463,0.9369708505921992,Wheeling,Wheeling
87,0.0010782635987082036,0.004287585755992887,0.0006882942902315689,0.003806297991071646,0.0005247247625453243,0.9896148336014504,Wheeling,Wheeling
88,0.0012500069493210984,0.08347620787717311,0.0007671071695828273,0.0019319848608594938,0.0006324606169068214,0.9119422325261566,Wheeling,Wheeling
89,0.0011938733413105595,0.04283753527627438,0.0009771715504748987,0.004094633210239438,0.0006854687487305401,0.9502113178729705,Wheeling,Wheeling
90,0.0010764312046314044,0.011709644231699314,0.0010791290786907107,0.005432199148979046,0.0006101439771952361,0.9800924523588044,Wheeling,Wheeling
91,0.0012257229634011092,0.03222804099512065,0.0009324791568895315,0.0039408047049509926,0.000708004177991422,0.9609649480016462,Wheeling,Wheeling
92,0.001094812827980052,0.018622422097029166,0.0006653339330881588,0.01049473012164888,0.0005942768663219564,0.9685284241539319,Wheeling,Wheeling
93,0.0011878118573542516,0.018231156447154357,0.0017403340472059807,0.012173969472224051,0.0009639992930979514,0.9657027288829634,Wheeling,Wheeling
94,0.0011500705899326242,0.006299038224585231,0.0017532254239252332,0.012374449693712004,0.0009161505780253622,0.9775070654898201,Wheeling,Wheeling
95,0.0012864761292345345,0.06749341090509488,0.001143556689858135,0.003568588275091855,0.0006514202085859834,0.9258565477921344,Wheeling,Wheeling
96,0.000990421896743486,0.0026957069926727114,0.0006106190100719576,0.003965990927158042,0.0003932258555334683,0.9913440353178203,Wheeling,Wheeling
97,0.0011453917458133182,0.015530523960128696,0.0012595871029410398,0.0028663762016881817,0.0006710254894727395,0.978527095499956,Wheeling,Wheeling
98,0.001157768745304123,0.012381564116496427,0.0025806683248093343,0.003194664894423275,0.0010742317859916458,0.9796111021329753,Wheeling,Wheeling
99,0.0011081542079522313,0.0796409415488992,0.00064868693925807,0.006251268007394477,0.0006609665881699585,0.9116899827083261,Wheeling,Wheeling
100,0.001374436967672765,0.16615670271467883,0.0020993051041720786,0.004177487233798668,0.0012690139566713255,0.8249230540230063,Wheeling,Wheeling
101,0.0011737875182621365,0.023139528831618073,0.0012715938586457648,0.004241139066705884,0.0009729127736076854,0.9692010379511605,Wheeling,Wheeling
102,0.0011698148348669494,0.018634148655653222,0.0025033920040606937,0.011326348657979407,0.0011454891553712594,0.9652208066920684,Wheeling,Wheeling
103,0.0011775596357289028,0.02480380576558064,0.0015504977823134801,0.00711040147045917,0.0011228597007698089,0.9642348756451482,Wheeling,Wheeling
104,0.0009962552187802337,0.029686049776429812,0.00048050602677217065,0.006393593060694745,0.0005029063953460028,0.9619406895219772,Wheeling,Wheeling
105,0.0009607499573458291,0.0051260445907819994,0.0009399416295896069,0.002458914085622591,0.0005092593898926838,0.9900050903467674,Wheeling,Wheeling
106,0.0009581015437592334,0.021906459928917807,0.001371835885640918,0.005078545589164205,0.000668128361783243,0.9700169286907345,Wheeling,Wheeling
107,0.0009893027214034973,0.018362929881118577,0.0013841291015983933,0.005456619562107599,0.0008294192005860109,0.9729775995331857,Wheeling,Wheeling
108,0.0010467322787735378,0.011097698847532835,0.0034448380426018517,0.013729435167247398,0.0011605938792734129,0.9695207017845711,Wheeling,Wheeling
109,0.0011271775777767742,0.08133928793581825,0.0016396327037812603,0.010697650881675073,0.0009591297973652313,0.9042371211035833,Wheeling,Wheeling
110,0.0014927050429525321,0.0003906560677817004,0.019598811938685866,0.00012181003636727763,0.9769584364666899,0.0014375804475226465,Walking,Walking
111,0.0009736785185145333,7.649451555841503e-05,0.00034828344184912815,1.3624303975366226e-05,0.9984305617413023,0.00015735747880000722,Walking,Walking
112,0.0012183540483323772,7.019104375524183e-05,0.0008657729060670233,3.244383985948111e-05,0.9967975601636364,0.0010156779983490757,Walking,Walking
113,0.00183465884874917,0.0049568849626856456,0.01943532646935423,0.0033743320258195998,0.969197365213579,0.0012014324798126457,Walking,Walking
114,0.002287080741238414,0.0026319399247578903,0.2986604072309813,0.005979461724789161,0.685861311969773,0.004579798408460118,Walking,Walking
115,0.002051705714933747,0.0034304300510905016,0.05801598994136981,0.00251585258661328,0.932157325579242,0.0018286961267508525,Walking,Walking
116,0.0014007500296878109,0.0009739907931108767,0.00389810688640475,0.00012174731609868664,0.9925546093386275,0.0010507956360702722,Walking,Walking
117,0.0020374487381356883,0.005037275529432308,0.11450882244700786,0.005751376915021573,0.8689797954054617,0.003685280964940601,Walking,Walking
118,0.0013248729848136822,0.0003259175258512451,0.011068601001215282,6.95173503842056e-05,0.9863258123820277,0.0008852787557077201,Walking,Walking
119,0.0016141412901420644,0.0012435767231298495,0.015710358909669198,0.00038137944474399304,0.9801276091908404,0.0009229344414744011,Walking,Walking
120,0.0017412647799059204,0.0037491926124602662,0.010920448554070109,0.0010540319832215016,0.9816998664633172,0.0008351956070244919,Walking,Walking
121,0.0013470330423499932,7.701349944260801e-05,0.0008870335779739828,3.4923321532740575e-05,0.9962691259301615,0.0013848706285390854,Walking,Walking
122,0.0018211760751278348,0.0017962670923757668,0.03631258290843176,0.0006704669504303287,0.9574660188065399,0.001933488167094561,Walking,Walking
123,0.0017137823887480774,0.0018387275713138227,0.01766182540127046,0.00047351336529579026,0.9769143130258683,0.0013978382475038386,Walking,Walking
124,0.001953463324401112,0.004191715917209653,0.044180579300752615,0.002000702174566756,0.9443525697350683,0.0033209695480012815,Walking,Walking
125,0.002010060485171895,0.0009776818100713824,0.1288582299038434,0.0016224891227501093,0.8642204246113138,0.0023111140668493416,Walking,Walking
126,0.0019331993938151827,0.0014216722107553948,0.12032520859934787,0.0014277573321057216,0.8716964180949098,0.0031957443690661075,Walking,Walking
127,0.0016248585169914614,0.0028053665472180995,0.012464041829658823,0.0006013047362469538,0.9813871295332212,0.0011172988366633656,Walking,Walking
128,0.0019346689280597574,0.005770321028531235,0.03673111006618481,0.005679102666037649,0.9479214982117092,0.0019632990994771487,Walking,Walking
129,0.0009607414763431321,0.00010005292804966424,0.0012703072335895197,5.8261828759523244e-05,0.9965821696585139,0.0010284668747446008,Walking,Walking
130,0.001973939919041877,0.007248318716940724,0.05084906481056894,0.006902033489027741,0.9307331898381423,0.0022934532262782344,Walking,Walking
131,0.0018317924934513376,0.0029865685226221515,0.059636888051534206,0.0015209731804087326,0.9317749991866116,0.0022487785653721995,Walking,Walking
132,0.0028950087665659528,0.0211367186456146,0.4375722413916189,0.06101587681523189,0.47022939021543847,0.0071507641655302896,Walking,Walking
133,0.0016977246770254497,0.0030907182747835563,0.05408068795205495,0.0015910339279561457,0.9377096617019925,0.001830173466187784,Walking,Walking
134,0.0015866869773271393,0.0015315608709074629,0.0399106649650302,0.0011509929259883838,0.9540826969797163,0.0017373972810305334,Walking,Walking
135,0.0026006414930374025,0.020141295371159613,0.177225924033525,0.03786946914446754,0.756872842976391,0.00528982698141971,Walking,Walking
136,0.0019623406405275745,0.0044620970523807394,0.0290219528240101,0.002855816315949513,0.9602632599809716,0.0014345331861603588,Walking,Walking
137,0.0019419997890971347,0.005958252751901075,0.05033904573881986,0.00560723831274195,0.9341487363595773,0.002004727047862861,Walking,Walking
138,0.0018901191047947276,0.0136640681572904,0.07543124456269916,0.015389380049697034,0.8921549227671786,0.0014702653583398698,Walking,Walking
139,0.002975904114043252,0.036568299787893194,0.10958308118065407,0.06549615659621777,0.7827950659396362,0.002581492381555456,Walking,Walking
140,0.002031461320429047,0.01781996720980903,0.12837312733101489,0.031761465158957294,0.8185734510711518,0.0014405279086381342,Walking,Walking
141,0.0015778102292770839,0.004926719949434281,0.028616251949316426,0.006087964964827695,0.9582672233051752,0.000524029601968972,Walking,Walking
142,0.00457616217592448,0.06946015785746755,0.15072468769893269,0.08042863944157824,0.6906565692944823,0.004153783531615167,Walking,Walking
143,0.0015171474243696561,0.0003446280340598736,0.0011628539184878298,7.024791450270291e-05,0.9968656272422731,3.9495466306853455e-05,Walking,Walking
144,0.0022559420067761607,0.01390573132378796,0.0009416677387844189,0.00025487490664865897,0.0002673154969540352,0.9823744685270486,Wheeling,Sitting
145,0.0015243956520193237,0.0016229915791772312,0.000319742316659624,0.00028587128301224075,0.00017735916533403372,0.9960696400037974,Wheeling,Sitting
146,0.0018838610501325057,0.001976814855040197,0.00016497195029931805,0.00016555789490805309,0.00011302019941183074,0.9956957740502081,Wheeling,Sitting
147,0.002113481880901263,0.0012455741052434654,0.0003194070504973237,0.00022599130219731574,0.00015639999599213305,0.9959391456651687,Wheeling,Sitting
148,0.0017155117390523628,0.00015620967350152612,0.00033738663812258804,0.000158519598075688,0.00011208218797667803,0.9975202901632712,Wheeling,Sitting
149,0.0018540280269852144,0.00028766223404154585,0.0003246865730021032,0.0002344320737982051,0.0001335059694638758,0.997165685122709,Wheeling,Sitting
150,0.002018828163191734,0.001763122686709426,0.00019399650109361025,0.0001950252131785044,0.00013134532184012185,0.9956976821139868,Wheeling,Sitting
151,0.002006088236760351,0.006015774530964277,0.00041467533089900994,0.00024482424694839374,0.00018256216750685874,0.9911360754869211,Wheeling,Sitting
152,0.0019827018672233412,0.0008910325064832952,0.00026943037772903357,0.00025993772498915596,0.00014525626080810622,0.9964516412627672,Wheeling,Sitting
153,0.0019996079028398632,0.001000289856722076,0.00019909647865108833,0.00022715357562325028,0.00013688961502855807,0.9964369625711351,Wheeling,Sitting
154,0.0018812112393946697,0.0014129878380308,0.0004617995101446945,0.0002373841362453308,0.00017354909707968275,0.9958330681791049,Wheeling,Sitting
155,0.0016820512455670022,0.01036545595096524,0.0002966776766705668,0.000181142430774863,0.00015480189635051346,0.987319870799672,Wheeling,Sitting
156,0.0016744677988195162,0.0024709277053404977,0.000110768018060292,0.00012171100655202395,9.205654145734801e-05,0.9955300689297699,Wheeling,Sitting
157,0.001719472609376828,0.00913930228007809,0.00038783293232001894,0.00015997982113789792,0.0001435898336813446,0.9884498225234057,Wheeling,Sitting
158,0.0017105930764178244,0.013721757471480623,0.0002915549962463251,0.0001622317983842357,0.00014867397224292114,0.9839651886852284,Wheeling,Sitting
159,0.00167115716674202,0.011573431789921396,0.00030274435613496833,0.0001835492974715989,0.000153304169162395,0.9861158132205675,Wheeling,Sitting
160,0.0019358232752612504,0.024273792798757847,0.00043744911051265704,0.00034796787277293706,0.0002540142880355626,0.9727509526546597,Wheeling,Sitting
161,0.0019358232752612504,0.024273792798757847,0.00043744911051265704,0.00034796787277293706,0.0002540142880355626,0.9727509526546597,Wheeling,Sitting
162,0.0019358232752612504,0.024273792798757847,0.00043744911051265704,0.00034796787277293706,0.0002540142880355626,0.9727509526546597,Wheeling,Sitting
163,0.0019358232752612504,0.024273792798757847,0.00043744911051265704,0.00034796787277293706,0.0002540142880355626,0.9727509526546597,Wheeling,Sitting
164,0.0019358232752612504,0.024273792798757847,0.00043744911051265704,0.00034796787277293706,0.0002540142880355626,0.9727509526546597,Wheeling,Sitting
165,0.0019358232752612504,0.024273792798757847,0.00043744911051265704,0.00034796787277293706,0.0002540142880355626,0.9727509526546597,Wheeling,Sitting
166,0.00104274215586907,0.0024072879048594254,0.0033891212727345083,0.010230597373999029,0.0012356839256060471,0.9816945673669322,Wheeling,Wheeling
167,0.0012304085905772198,0.025801146995370366,0.004254473026115639,0.0032139247926797924,0.0015275975990526824,0.9639724489962044,Wheeling,Wheeling
168,0.0011166274699360447,0.014137033744702278,0.004680154334250873,0.002270724367050524,0.001699220586750777,0.9760962394973094,Wheeling,Wheeling
169,0.0010168228818557027,0.00424972779161016,0.0020452874522082806,0.003745060514525672,0.000944099245275347,0.987999002114525,Wheeling,Wheeling
170,0.0009724082414002501,0.0005535455379897623,0.0017251256479178987,0.00373809519561134,0.0007499202536334021,0.9922609051234476,Wheeling,Wheeling
171,0.0010121330264862584,0.005070519627945912,0.002289751462958266,0.006193797484378626,0.0009127904206027025,0.984521007977628,Wheeling,Wheeling
172,0.0015584213211945388,0.3112535107918227,0.004955957492681228,0.005512869302920352,0.002544583777536416,0.6741746573138448,Wheeling,Wheeling
173,0.0014829384755032575,0.2315410565316131,0.004842271885974733,0.004136237281173662,0.0020213003839387096,0.7559761954417965,Wheeling,Wheeling
174,0.0012463026975778966,0.06078778686135864,0.0019329407620912395,0.004465680178208744,0.0009742603621439457,0.9305930291386196,Wheeling,Wheeling
175,0.001220088872457102,0.04542393603571128,0.0015595421978691272,0.004218176371100543,0.000994426533105011,0.9465838299897569,Wheeling,Wheeling
176,0.0013626322844109313,0.15661049927122273,0.0031505964500249434,0.005212243037628063,0.0014964313732788407,0.8321675975834345,Wheeling,Wheeling
177,0.0011506711474466385,0.00973747737845687,0.0024430709184041577,0.005551932056050878,0.0008862682027590193,0.9802305802968823,Wheeling,Wheeling
178,0.0013369226634150477,0.10187395877207708,0.006875224022146794,0.004094992562219908,0.003563833370181619,0.8822550686099597,Wheeling,Wheeling
179,0.0017277406989732345,0.3374848779128001,0.015468984905560835,0.005131268503488679,0.00583834590993533,0.634348782069242,Wheeling,Wheeling
180,0.0016650581047636707,0.409764667953511,0.008497137656154341,0.003733302381592543,0.004238491578541478,0.572101342325437,Wheeling,Wheeling
181,0.001327978677397482,0.0709364767754617,0.0051857183607150895,0.004057759892375803,0.0020534114574288797,0.9164386548366213,Wheeling,Wheeling
182,0.001865182725751724,0.29812648033605177,0.020858264663365936,0.004760231486739345,0.008820922009927082,0.6655689187781643,Wheeling,Wheeling
183,0.0013661335023330068,0.012595197749036592,0.012679503032301379,0.003018221369158949,0.004914655308178842,0.9654262890389912,Wheeling,Wheeling
184,0.0014206182147253664,0.1864889785293916,0.0031857021265415185,0.0027404405502642875,0.0019433850883609027,0.8042208754907164,Wheeling,Wheeling
185,0.0016664946638896387,0.26943149721796034,0.011093391203224213,0.003189022088316529,0.005671223872881668,0.7089483709537275,Wheeling,Wheeling
186,0.0013127879417127119,0.05562246249910788,0.004199641704223207,0.001310463764538908,0.0025311618926100376,0.9350234821978071,Wheeling,Wheeling
187,0.0015138550020008642,0.03459653012727853,0.01446165493021083,0.0039701626074796935,0.0057857319800821904,0.9396720653529479,Wheeling,Wheeling
188,0.0011889609703091301,0.06615293112420657,0.0028310430000988984,0.003517152576692293,0.0015686136232714366,0.924741298705422,Wheeling,Wheeling
189,0.0012243946393747718,0.00473481856401654,0.008816203640657976,0.0014083756896173887,0.003023163836535178,0.9807930436297979,Wheeling,Wheeling
190,0.0011857658524608925,0.02742612503860031,0.001328457856255389,0.0025497157222761023,0.0006534491383805229,0.9668564863920264,Wheeling,Wheeling
191,0.0012425932505443571,0.1594805233325449,0.002027331947361705,0.0036506375114887684,0.0011521786224769457,0.8324467353355836,Wheeling,Wheeling
192,0.0013450372785149623,0.03596313689387423,0.0011239056119577845,0.001632632743573019,0.0005172663968245051,0.9594180210752552,Wheeling,Wheeling
193,0.0011589699789072544,0.018512315700353745,0.001283894202776822,0.00210540745859041,0.0006896627105000472,0.9762497499488718,Wheeling,Wheeling
194,0.0013647462965802853,0.08824842100883695,0.0048716767578541155,0.0021147474936276276,0.0013366325307893046,0.9020637759123118,Wheeling,Wheeling
195,0.0011622524315934104,0.0543140875609634,0.004198464070496194,0.0022671342115079905,0.0006508509152382965,0.9374072108102007,Wheeling,Wheeling
196,0.0011907597852541803,0.019963457651001697,0.0013596780512834371,0.0010931356346571407,0.0005898219879163173,0.9758031468898873,Wheeling,Wheeling
197,0.0013551788527849753,0.03880406357965864,0.0010632510091009703,0.0018321931289848423,0.0006509535297377879,0.9562943598997328,Wheeling,Wheeling
198,0.001369954444146491,0.027052564560659874,0.0022058327361432336,0.00048759131591580757,0.0013219188664343497,0.9675621380767003,Wheeling,Wheeling
199,0.0013285652410189714,0.04788588970861724,0.001973477842020505,0.0012643103095458287,0.0008357070093579609,0.9467120498894396,Wheeling,Wheeling
200,0.0012855434198048763,0.055179928543515104,0.0021066319772456883,0.0010351298974491257,0.0008066030627935399,0.9395861630991917,Wheeling,Wheeling
201,0.0013126155914910391,0.05369348032157021,0.0019546187483742996,0.0013241445764503865,0.0007349180702241793,0.9409802226918896,Wheeling,Wheeling
202,0.001204631628485417,0.049308284536738724,0.0009816175776291988,0.0013965390570300127,0.0003366248781969733,0.94677230232192,Wheeling,Wheeling
203,0.001322055810903536,0.11500844510214629,0.0019127007133400245,0.0021616505396713564,0.0007427216066871892,0.8788524262272515,Wheeling,Wheeling
204,0.0013123690944210646,0.027690699994226527,0.0008418423450047758,0.000859712228169279,0.00043814207665969366,0.9688572342615187,Wheeling,Wheeling
205,0.0013580215433155877,0.03560991187842583,0.0021000992615795824,0.001409713289601724,0.0006215857721728711,0.9589006682549044,Wheeling,Wheeling
206,0.0012833844609794463,0.032011684121086355,0.0009338752404040362,0.0013237886253373798,0.00033059754234316345,0.9641166700098497,Wheeling,Wheeling
207,0.0012375382618354956,0.02557518791815878,0.000502265074436664,0.001041313486837064,0.0003154902694440951,0.9713282049892882,Wheeling,Wheeling
208,0.0011798715835018886,0.047187451758564265,0.004520984836968063,0.0013337754097144184,0.00046884515923402404,0.9453090712520179,Wheeling,Wheeling
209,0.001582461123045656,0.48813579709623844,0.0026434593376059756,0.0014096152238426449,0.0012575032439415149,0.5049711639753257,Wheeling,Wheeling
210,0.0011716583155288334,0.04872807027484028,0.0019131423563572237,0.0011297747010205169,0.0004987126658777579,0.9465586416863755,Wheeling,Wheeling
211,0.0014575867983922,0.1968681162958918,0.002715243243971858,0.0011182696293662606,0.0009188420827180648,0.7969219419496598,Wheeling,Wheeling
212,0.0014406888134016753,0.2576344072875139,0.0029449062389780936,0.0038628570408682566,0.001095467107715123,0.7330216735115229,Wheeling,Wheeling
213,0.0011527785894384,0.060384999198511084,0.0007098146978854241,0.0017691790263787857,0.00036452721254815026,0.9356187012752376,Wheeling,Wheeling
214,0.0012288763344405513,0.06663473957295694,0.0012424207476142031,0.003638694174868539,0.00038439863032966025,0.9268708705397897,Wheeling,Wheeling
215,0.0012653963133822132,0.06549696295206205,0.0015246416700927085,0.0018083341887098782,0.000494371774186681,0.9294102931015663,Wheeling,Wheeling
216,0.001290707175713363,0.12859060004391723,0.0010127846920179122,0.003063896735688464,0.00039862791291715043,0.8656433834397461,Wheeling,Wheeling
217,0.0012894302417882201,0.042533384348602196,0.001496038381386223,0.0012423102345709089,0.0004519599379934743,0.9529868768556589,Wheeling,Wheeling
218,0.0012004871947184853,0.0928623340014385,0.0014664895158922335,0.0021326526131386675,0.0007011904614485203,0.9016368462133643,Wheeling,Wheeling
219,0.0014778793168257558,0.18060487368217362,0.0046554392859493605,0.004086991488670827,0.0012572169632453238,0.8079175992631351,Wheeling,Wheeling
220,0.001617761588266546,0.30482401496052847,0.013066429534728316,0.006269083942449981,0.004838865972183217,0.6693838440018436,Wheeling,Wheeling
221,0.0037609231791072457,0.8910033401879038,0.046704008670577286,0.01597982336197285,0.014757216092158914,0.027794688508279413,Sitting,Wheeling
222,0.00462521351054509,0.3744451479593991,0.07121272862501947,0.013437919906238584,0.011801211075188205,0.5244777789236096,Wheeling,Wheeling
223,0.0013219734221576688,0.0204807076348686,0.005329622673725257,0.0007090324042404692,0.0016516276256525056,0.9705070362393559,Wheeling,Wheeling
224,0.9562128916441087,0.007627340586550203,0.017935443990470267,0.002340880181970879,0.008174327807275856,0.007709115789624216,Lying,Lying
225,0.9705135549100046,0.006998885649731698,0.007191164344973315,0.0033942705580962866,0.004727133948765753,0.00717499058842841,Lying,Lying
226,0.9624328672050873,0.015234575896012417,0.0068781141668637046,0.003977583208426885,0.004188608540672578,0.007288250982937056,Lying,Lying
227,0.963684209319433,0.014299502759219792,0.006857560963004881,0.0048169367531676645,0.0029096221672390227,0.007432168037935803,Lying,Lying
228,0.949323935925555,0.014753184524340806,0.016152216036145934,0.0037471166080602423,0.00506379662616969,0.010959750279728455,Lying,Lying
229,0.9565924267225422,0.01817475170772789,0.007479760723457556,0.004684917467298737,0.0032464398276361535,0.00982170355133716,Lying,Lying
230,0.9567247100290127,0.019459359086611734,0.005262899945431702,0.00434333928511552,0.00401437137835177,0.010195320275476554,Lying,Lying
231,0.9562684035846224,0.018950312681624195,0.006049373802575398,0.0054028691328500975,0.0039456294964760625,0.009383411301851637,Lying,Lying
232,0.9563671794950226,0.01810656677861199,0.008183042285832158,0.004904451999266922,0.0031257238436339244,0.009313035597632725,Lying,Lying
233,0.9562479718008936,0.019100965990531068,0.006074190754484956,0.0055736347286308606,0.0034817687819438006,0.009521467943515752,Lying,Lying
234,0.9559571341012556,0.018366468902555416,0.007266651462499206,0.005780453775667695,0.0030488285997367272,0.009580463158285275,Lying,Lying
235,0.9544667095656795,0.019246998801568133,0.006960948942867635,0.006631064777813697,0.0033457155020465775,0.009348562410024422,Lying,Lying
236,0.954424328795862,0.01984505281341407,0.007366962350362421,0.005561742305454213,0.004189139026353411,0.008612774708553678,Lying,Lying
237,0.954424328795862,0.01984505281341407,0.007366962350362421,0.005561742305454213,0.004189139026353411,0.008612774708553678,Lying,Lying
238,0.954424328795862,0.01984505281341407,0.007366962350362421,0.005561742305454213,0.004189139026353411,0.008612774708553678,Lying,Lying
239,0.954424328795862,0.01984505281341407,0.007366962350362421,0.005561742305454213,0.004189139026353411,0.008612774708553678,Lying,Lying
240,0.9609631861915645,0.016414552780420547,0.006235515097333417,0.005034758352452801,0.003450586970310426,0.00790140060791792,Lying,Lying
241,0.9609631861915645,0.016414552780420547,0.006235515097333417,0.005034758352452801,0.003450586970310426,0.00790140060791792,Lying,Lying
242,0.9609631861915645,0.016414552780420547,0.006235515097333417,0.005034758352452801,0.003450586970310426,0.00790140060791792,Lying,Lying
243,0.004089236275358461,0.08952259071628944,0.16407106504130786,0.6465879137883311,0.09306270386144333,0.0026664903172695905,Standing,Standing
244,0.0036315110359864578,0.07874901483219782,0.11884892197236642,0.7483596056001688,0.048347699535008566,0.0020632470242716665,Standing,Standing
245,0.0036806504459846665,0.10454478799084962,0.06188465207902978,0.802622525642125,0.024273739714336037,0.0029936441276749255,Standing,Standing
246,0.003585812787996368,0.19792837274911196,0.07792175829118965,0.6640271811344594,0.05241686558181242,0.004120009455429912,Standing,Standing
247,0.0044900269727852025,0.24838588123745559,0.15403096633317678,0.4950792675161362,0.09179279538357953,0.0062210625568664595,Standing,Standing
248,0.0036033082335358876,0.07580234196148194,0.0470516670267047,0.8562491652353402,0.01362134168520342,0.0036721758577339765,Standing,Standing
249,0.003645506617550088,0.18481980359691524,0.07096462868499821,0.7062319590680456,0.02897373987716282,0.005364362155328205,Standing,Standing
250,0.003524289771330371,0.03781963081182502,0.04532951795118656,0.9011327623194268,0.008255055738174784,0.003938743408056405,Standing,Standing
251,0.0036955577715448115,0.5950086480637283,0.06909131198333598,0.2048021644319201,0.12009353702735029,0.007308780722120728,Sitting,Standing
252,0.0035435900348079405,0.1586671571913845,0.05790971115356093,0.7479874100077394,0.027620456608231946,0.004271675004275507,Standing,Standing
253,0.0035435900348079405,0.1586671571913845,0.05790971115356093,0.7479874100077394,0.027620456608231946,0.004271675004275507,Standing,Standing
254,0.0035435900348079405,0.1586671571913845,0.05790971115356093,0.7479874100077394,0.027620456608231946,0.004271675004275507,Standing,Standing
255,0.0035435900348079405,0.1586671571913845,0.05790971115356093,0.7479874100077394,0.027620456608231946,0.004271675004275507,Standing,Standing
256,0.0035435900348079405,0.1586671571913845,0.05790971115356093,0.7479874100077394,0.027620456608231946,0.004271675004275507,Standing,Standing
257,0.0035435900348079405,0.1586671571913845,0.05790971115356093,0.7479874100077394,0.027620456608231946,0.004271675004275507,Standing,Standing
258,0.0035435900348079405,0.1586671571913845,0.05790971115356093,0.7479874100077394,0.027620456608231946,0.004271675004275507,Standing,Standing
259,0.0035435900348079405,0.1586671571913845,0.05790971115356093,0.7479874100077394,0.027620456608231946,0.004271675004275507,Standing,Standing
260,0.0021430059402599484,0.01133094616062026,0.07676032746713668,0.01498804724137783,0.8915929854203104,0.003184687770294701,Walking,Walking
261,0.0016222235005516536,0.006292756348917682,0.025583139976361483,0.0076470492056064125,0.9563921620245087,0.0024626689440541967,Walking,Walking
262,0.0012568633500229574,0.0014776936510733538,0.0044815971559341175,0.0005315599239668454,0.9910912456805696,0.0011610402384331588,Walking,Walking
263,0.0021816009895925855,0.010677024891980705,0.15076825245076653,0.017163463269267574,0.8157552650923645,0.0034543933060279274,Walking,Walking
264,0.0017879284552218867,0.002194364081886014,0.03247433091203025,0.0011928485425467957,0.9593251583476005,0.003025369660714746,Walking,Walking
265,0.0009578080306536236,0.0019329922698452817,0.007792771314797433,0.0016539448240751118,0.9860715242259819,0.0015909593346465495,Walking,Walking
266,0.0006255028133303874,5.742149853970063e-05,0.032017977253474716,2.6869892852934453e-05,0.9642199846076701,0.0030522439341319776,Walking,Walking
267,0.001502417632257071,0.0003020386584278792,0.0572783817541338,0.0001614599990018742,0.9394264627364319,0.0013292392197472476,Walking,Walking
268,0.0017297983869569082,0.003936719137939566,0.15561613753660125,0.004182194645299811,0.8325704484294935,0.0019647018637089565,Walking,Walking
269,0.0013956855200582578,0.0002691022559948322,0.33674169046915836,0.00030059063706546396,0.6597934205468273,0.0014995105708956798,Walking,Walking
270,0.0016076517774121278,0.0013385935090074975,0.1031805119563527,0.0010810877438212688,0.8899108455770299,0.0028813094363764166,Walking,Walking
271,0.0014831943970813764,0.0010408521051978438,0.027109578523468437,0.00038539164222262616,0.9688035855302306,0.0011773978017991962,Walking,Walking
272,0.0031342219823378525,0.025358439428926162,0.3091978656654751,0.0466029101566335,0.6081501267454444,0.00755643602118298,Walking,Walking
273,0.0036948338159238504,0.031538689263648556,0.2413326549427921,0.05946032419851157,0.6570958387385885,0.006877659040535473,Walking,Walking
