,0,1,2,3,4,5,modelStates,target
0,0.964662083482795,0.01079826230348034,0.0040869775813364186,0.0019319928437185614,0.004028325807702934,0.014492357980966934,Lying,Lying
1,0.9721835531892382,0.009606063545330957,0.00239072073879004,0.003397515910688426,0.003806853134441989,0.008615293481510208,Lying,Lying
2,0.9950177433374725,0.00010214726700211765,0.004006553496645786,8.656357244368211e-05,0.0004820235962155609,0.0003049687302201409,Lying,Lying
3,0.975155923981159,0.010711664931521684,0.002123687898494134,0.00388629110587326,0.00243209319726507,0.005690338885686836,Lying,Lying
4,0.9722206213346677,0.012198137831007759,0.0026002027237150903,0.003986277555895788,0.002553681557913934,0.006441078996799616,Lying,Lying
5,0.9652509742176042,0.01567677285134641,0.00347430034612537,0.0050328040315996215,0.002717871620234838,0.007847276933089817,Lying,Lying
6,0.9712756194625848,0.012496824782847414,0.002589080562600004,0.004258960075401653,0.0026669455859098406,0.006712569530656211,Lying,Lying
7,0.9196201505150952,0.0230695821166989,0.007486333920203487,0.007640646230353115,0.01418807879771328,0.02799520841993593,Lying,Lying
8,0.9754874243242851,0.011852974916429702,0.0015752331925167607,0.003987706031809247,0.002350251056000048,0.004746410478959025,Lying,Lying
9,0.9766063076496,0.010487263739412157,0.002003715686942704,0.003975149322487815,0.002152170348869979,0.004775393252687242,Lying,Lying
10,0.9777108796479999,0.010135982001531402,0.0016118096956607372,0.003873013717441395,0.0023506378643720154,0.0043176770729943794,Lying,Lying
11,0.9751618998377914,0.009496270756473881,0.0020228858648401672,0.00404015906759594,0.0036259992146572976,0.0056527852586411974,Lying,Lying
12,0.9717583477815002,0.010353431456024515,0.002124790031919234,0.0043460903733104055,0.00439656600026034,0.007020774356985023,Lying,Lying
13,0.9775673527442496,0.008801621320151744,0.002112995148074253,0.0037196023080228657,0.0028532753854200953,0.004945153094081398,Lying,Lying
14,0.9788759964619825,0.007866842191279935,0.002459966408003983,0.004018888925670488,0.0026655283906677984,0.004112777622395188,Lying,Lying
15,0.9755986628094953,0.010651955959087798,0.001801154550476294,0.004349640090642687,0.0025444569808765714,0.005054129609421456,Lying,Lying
16,0.9734463222742863,0.012524916937115065,0.001874287738840636,0.0042629887220692365,0.0024366303704211525,0.00545485395726747,Lying,Lying
17,0.9785802758199695,0.00965973208786723,0.001548602982811821,0.0037076983716536616,0.002375702497879074,0.004127988239818603,Lying,Lying
18,0.9785588598085283,0.010077850447263094,0.001439201152436208,0.003695972208225202,0.0021754791982285743,0.004052637185318542,Lying,Lying
19,0.9754868128639854,0.011805692135545968,0.0018603122512563697,0.003923808514441238,0.0019336507674871893,0.004989723467283862,Lying,Lying
20,0.976021978972316,0.010253898385969396,0.0020981811576716337,0.00402638911218169,0.0026932495533712525,0.004906302818489913,Lying,Lying
21,0.9486573751456737,0.010072442471032759,0.00741201081238668,0.004291904059426616,0.002656891537154853,0.02690937597432505,Lying,Lying
22,0.9815840835486069,0.0066420896110792865,0.0022797517438377106,0.002722947179213574,0.002332034373020879,0.004439093544241645,Lying,Lying
23,0.9300695027930865,0.02167147104265725,0.004678185531538691,0.002733745273934459,0.005682190885152296,0.0351649044736305,Lying,Lying
24,0.004243978321587987,0.3802816000911306,0.014191962791140707,0.19882314040000862,0.012295053285120143,0.39016426511101177,Sitting,Sitting
25,0.010801050529860249,0.4704841398668178,0.02329884767248969,0.2687601184026966,0.030829803230908538,0.19582604029722706,Sitting,Sitting
26,0.0018437473160374618,0.29715629883548234,0.007418073744412972,0.06640019226450303,0.01181749466878245,0.6153641931707817,Wheeling,Sitting
27,0.0025845454694394475,0.3882498369433283,0.014531928225612441,0.17046619923669815,0.013329495923918638,0.41083799420100287,Wheeling,Sitting
28,0.0017224552523753098,0.45796935064753186,0.012467460427194868,0.1416205868713083,0.009240393272231646,0.3769797535293584,Sitting,Sitting
29,0.004223353250065499,0.35430839456778157,0.0119370671156254,0.21865679344900096,0.0135846737011986,0.3972897179163281,Sitting,Sitting
30,0.0013780999386503658,0.7142471966775751,0.011716170041406673,0.040276073114904554,0.006522534303634657,0.2258599259238288,Sitting,Sitting
31,0.04803788773897604,0.521937120721135,0.11086461655056176,0.1564217004366028,0.06525497652175502,0.09748369803096908,Sitting,Sitting
32,0.0011232977170644854,0.8062507078263509,0.010029079182946632,0.036878970392748414,0.0055327860329203735,0.1401851588479692,Sitting,Sitting
33,0.0011232977170644854,0.8062507078263509,0.010029079182946632,0.036878970392748414,0.0055327860329203735,0.1401851588479692,Sitting,Sitting
34,0.0011232977170644854,0.8062507078263509,0.010029079182946632,0.036878970392748414,0.0055327860329203735,0.1401851588479692,Sitting,Sitting
35,0.0011232977170644854,0.8062507078263509,0.010029079182946632,0.036878970392748414,0.0055327860329203735,0.1401851588479692,Sitting,Sitting
36,0.0015051445151843073,0.5202266298412719,0.008306780619399564,0.03632491797793364,0.008423222206714235,0.42521330483949626,Sitting,Sitting
37,0.001570567018417748,0.3757794664290767,0.0076426556414081305,0.05156473997290198,0.006232162390995199,0.5572104085471999,Wheeling,Sitting
38,0.0016520055272955165,0.6723860677842575,0.0232540510406303,0.024713843921881598,0.005396639323523494,0.27259739240241154,Sitting,Sitting
39,0.0016719612196906294,0.20641156013783934,0.02464659573469027,0.02246869957069615,0.035042776466383756,0.7097584068707002,Wheeling,Sitting
40,0.007239473404920785,0.11471556154310909,0.20461887696945708,0.0897373310288888,0.1635432967356282,0.420145460317996,Wheeling,Standing
41,0.006804683023024419,0.05598379934806001,0.028567767897672493,0.6884435017467218,0.1736727344271565,0.04652751355736436,Standing,Standing
42,0.0035388416647640954,0.0176560384506144,0.016095019643529905,0.896995718642369,0.03917328374353836,0.026541097855183944,Standing,Standing
43,0.0037308307082688104,0.01309305520951616,0.016316197742522538,0.9185399017360705,0.0309336902621073,0.01738632434151432,Standing,Standing
44,0.0030454697483685276,0.015165683645127295,0.008956179286975724,0.9323764894064186,0.023804955495360276,0.016651222417749443,Standing,Standing
45,0.003175878036754657,0.024075274899957633,0.01208446166794087,0.9156546236503744,0.02562993232493666,0.01937982942003555,Standing,Standing
46,0.002804430754584834,0.01283614798463564,0.005855483057060192,0.947056718823033,0.017802888579962095,0.0136443308007245,Standing,Standing
47,0.001952791803649112,0.0225031765758546,0.021355431614039286,0.9378532270739136,0.004485367695720468,0.011850005236822711,Standing,Standing
48,0.003970908659814791,0.026006155635812232,0.018416693347660343,0.8816259080104765,0.042936859940018224,0.02704347440621815,Standing,Standing
49,0.003970908659814791,0.026006155635812232,0.018416693347660343,0.8816259080104765,0.042936859940018224,0.02704347440621815,Standing,Standing
50,0.003970908659814791,0.026006155635812232,0.018416693347660343,0.8816259080104765,0.042936859940018224,0.02704347440621815,Standing,Standing
51,0.003970908659814791,0.026006155635812232,0.018416693347660343,0.8816259080104765,0.042936859940018224,0.02704347440621815,Standing,Standing
52,0.003970908659814791,0.026006155635812232,0.018416693347660343,0.8816259080104765,0.042936859940018224,0.02704347440621815,Standing,Standing
53,0.003970908659814791,0.026006155635812232,0.018416693347660343,0.8816259080104765,0.042936859940018224,0.02704347440621815,Standing,Standing
54,0.003970908659814791,0.026006155635812232,0.018416693347660343,0.8816259080104765,0.042936859940018224,0.02704347440621815,Standing,Standing
55,0.002701631725096018,0.0655856025460123,0.05018140959498554,0.8259143905414414,0.016052468140840728,0.03956449745162375,Standing,Standing
56,0.002962614232860898,0.06703243631932924,0.009857167844541326,0.8829236388440246,0.017721866860394238,0.019502275898849918,Standing,Standing
57,0.002160043030672775,0.018275067741710543,0.006985502540699326,0.9332433764826271,0.02093027730812625,0.018405732896164054,Standing,Standing
58,0.0028224276272919343,0.03647723298624114,0.014765098314068028,0.8831263819797152,0.017446847588082084,0.045362011504601646,Standing,Standing
59,0.0019284536570238781,0.04134382054523496,0.008477381113649497,0.9186197519128123,0.011673072938599465,0.017957519832679767,Standing,Standing
60,0.00204315178447003,0.0350863979345759,0.005823841558450183,0.9269051947852529,0.012730608470641263,0.017410805466609624,Standing,Standing
61,0.003583526492910584,0.05640620961629161,0.1531647413530617,0.017819012541095566,0.7425774843044669,0.026449025692173556,Walking,Wheeling
62,0.013769379772013403,0.17645692802108032,0.14018697175675687,0.3889319699127471,0.18322945161204177,0.09742529892536024,Standing,Wheeling
63,0.01934167434973572,0.18605611519235088,0.2823452003155877,0.05021417378714994,0.3179649513715032,0.14407788498367258,StairClimbing,Wheeling
64,0.011970255346412608,0.2540109833961048,0.22159560581127355,0.1429666602513346,0.17052172244262992,0.1989347727522447,StairClimbing,Wheeling
65,0.004475658855536221,0.05616438574738788,0.8062312532187916,0.0037531285255246426,0.11883212261615421,0.010543451036605488,StairClimbing,Wheeling
66,0.005537148232961263,0.036847793399894656,0.017510394069986356,0.002444558777462375,0.060511008947973,0.8771490965717226,Wheeling,Wheeling
67,0.008932525263302592,0.21500904509629928,0.0017393639297118126,0.001499302292599294,0.009058125455153948,0.763761637962933,Wheeling,Wheeling
68,0.01302267267970955,0.06138143897481208,0.006852340143654672,0.0012301008306754406,0.0271708280432561,0.8903426193278922,Wheeling,Wheeling
69,0.015237354867281646,0.06619565022530316,0.041190803993985,0.008876042757974323,0.15595417131340392,0.7125459768420521,Wheeling,Wheeling
70,0.00902756980041129,0.41306752809012093,0.0008931531735345433,0.0013555759224351137,0.0028997515596850608,0.572756421453813,Wheeling,Wheeling
71,0.007701248311634804,0.4711836298812562,0.0007629673236816505,0.0009535563890268264,0.001308474875787507,0.5180901232186129,Wheeling,Wheeling
72,0.007116807876689131,0.4296602802557197,0.0006460283428241868,0.0008315028479438027,0.0008586483800965705,0.5608867322967268,Wheeling,Wheeling
73,0.01152724755461838,0.2864650436194773,0.0010369145396898645,0.0016998537713474472,0.0024999600130012926,0.6967709805018657,Wheeling,Wheeling
74,0.011224460952720821,0.3377331604832955,0.0010589811661909506,0.001481391631506828,0.002262251051545642,0.6462397547147402,Wheeling,Wheeling
75,0.012000868570529037,0.2670687338580243,0.0011287219849404253,0.0017053712975329711,0.0019480692173121665,0.716148235071661,Wheeling,Wheeling
76,0.007633964781665678,0.32674918871116676,0.0007094906532036688,0.0009500565981162339,0.0011891317833345124,0.662768167472513,Wheeling,Wheeling
77,0.004674337827884009,0.546816793378502,0.0007710420561391275,0.0006341506135836751,0.0006442226558741228,0.44645945346801735,Sitting,Wheeling
78,0.005892015070912929,0.49331665979868694,0.0006438073411810787,0.000654372346586641,0.0007495942413654607,0.49874355120126695,Wheeling,Wheeling
79,0.008189919865100368,0.12950752732956422,0.0006108514235385634,0.0010795278913630832,0.0013424689284080465,0.8592697045620254,Wheeling,Wheeling
80,0.008443080350486477,0.36860989026681223,0.0007794342965029762,0.0010712652052963457,0.0016296074266263952,0.6194667224542757,Wheeling,Wheeling
81,0.008308392462705346,0.5119808262945056,0.000749147530376122,0.000992352159332691,0.001149938202888854,0.4768193433501907,Sitting,Wheeling
82,0.011983259860083155,0.1200929141048992,0.0009793720027773919,0.0017167058299691511,0.001912526150067318,0.863315222052204,Wheeling,Wheeling
83,0.009424924264416181,0.35815458939589706,0.0007592942788124055,0.0010829780185109602,0.0012083616236461515,0.6293698524187175,Wheeling,Wheeling
84,0.007225198177518463,0.5961289132718526,0.0006506179370875626,0.0008279624668139719,0.0006564825800180662,0.3945108255667096,Sitting,Wheeling
85,0.0026861763160848443,0.031874929899100374,0.20434850023763793,0.11393709156306937,0.6288345854058501,0.018318716578257704,Walking,Walking
86,0.01794628416738396,0.07474184964982017,0.33054417118709345,0.05584303610529772,0.38479077594729905,0.1361338829431057,StairClimbing,Walking
87,0.0021630744915469837,0.014453173631017386,0.12030825152560012,0.004153114798164328,0.8287644687265355,0.030157916827135832,Walking,Walking
88,0.0021186516772697724,0.015469549855950863,0.04187809292073542,0.0015644756756169232,0.9236278065583589,0.015341423312068558,Walking,Walking
89,0.002892589744767327,0.023419922665192185,0.044972263315833684,0.003188228922580531,0.8876212794344202,0.037905715917206796,Walking,Walking
90,0.0026783844519250454,0.0150781338735296,0.020904066079808818,0.00286273066709519,0.939405346758539,0.019071338169101722,Walking,Walking
91,0.002095952662595957,0.023571353003087724,0.03841700809660724,0.0031470418010054076,0.912935082801998,0.019833561634705676,Walking,Walking
92,0.0023620956396857664,0.021393647267960822,0.21638912121216247,0.0013343759998402558,0.746644064901768,0.011876694978582234,Walking,Walking
93,0.0030477303564278246,0.017483307411810426,0.12376577271688403,0.0019191565429422886,0.8281713413458448,0.02561269162609075,Walking,Walking
94,0.00292465016101616,0.020706620651603818,0.2609764079135099,0.0030091742769503753,0.6775294084491313,0.03485373854778841,Walking,Walking
95,0.0033465950921373337,0.024140408294522575,0.12106997167298365,0.0033307525983102344,0.8212417155881206,0.026870556753925173,Walking,Walking
96,0.002831980491950511,0.01657703846513998,0.03644537425432503,0.0008239051859662116,0.9198405054777947,0.023481196124823932,Walking,Walking
97,0.00307485122807553,0.036088961836259544,0.09844829114490537,0.008808052460693709,0.8212162096873424,0.032363633642723065,Walking,Walking
98,0.002819936677970392,0.021941964039221447,0.04398807768849247,0.003691599257892593,0.9057426576718695,0.021815764664553868,Walking,Walking
99,0.002973338102823182,0.016792175690315686,0.04473005451750955,0.001881918026998947,0.8920159148097812,0.04160659885257211,Walking,Walking
100,0.002018960016074068,0.029898924062518647,0.11903491600857737,0.0034567800928218028,0.8398357142085944,0.005754705611413681,Walking,Walking
101,0.0027474633087944257,0.02762285795307344,0.1171351927406673,0.005766477175952928,0.8292681990590438,0.017459809762467984,Walking,Walking
102,0.0032872609801129723,0.03588721804388143,0.04329885585926766,0.0076333206716974805,0.8844022739658315,0.025491070479208875,Walking,Walking
103,0.0026407495975477153,0.026344765804161754,0.11664830863094494,0.007586667290728515,0.819140373399676,0.02763913527694078,Walking,Walking
104,0.0034299210424159738,0.008644058694554979,0.032046214095980845,0.03936667661974501,0.9097099386813039,0.006803190865998979,Walking,Walking
105,0.015635873966880983,0.3564410265728534,0.0009181005872320448,0.001985629162923311,0.0014653514842660257,0.6235540182258443,Wheeling,Sitting
106,0.016264289267719837,0.4784417382501074,0.0008483763252349468,0.002009430924752379,0.0014445918232393435,0.5009915734089461,Sitting,Sitting
107,0.015506030387187607,0.4240662321200378,0.0008446212568803246,0.001955418532016349,0.001423604091035473,0.5562040936128425,Wheeling,Sitting
108,0.009207410415794582,0.4160020422011296,0.000619093668264978,0.0010759588564202356,0.0008118995615998842,0.5722835952967907,Wheeling,Sitting
109,0.024405730413969512,0.33223281103489244,0.0012385196173486303,0.003621446896088493,0.0026670667601366473,0.6358344252775645,Wheeling,Sitting
110,0.024405730413969512,0.33223281103489244,0.0012385196173486303,0.003621446896088493,0.0026670667601366473,0.6358344252775645,Wheeling,Sitting
111,0.024405730413969512,0.33223281103489244,0.0012385196173486303,0.003621446896088493,0.0026670667601366473,0.6358344252775645,Wheeling,Sitting
112,0.024405730413969512,0.33223281103489244,0.0012385196173486303,0.003621446896088493,0.0026670667601366473,0.6358344252775645,Wheeling,Sitting
113,0.024405730413969512,0.33223281103489244,0.0012385196173486303,0.003621446896088493,0.0026670667601366473,0.6358344252775645,Wheeling,Sitting
114,0.024405730413969512,0.33223281103489244,0.0012385196173486303,0.003621446896088493,0.0026670667601366473,0.6358344252775645,Wheeling,Sitting
115,0.024405730413969512,0.33223281103489244,0.0012385196173486303,0.003621446896088493,0.0026670667601366473,0.6358344252775645,Wheeling,Sitting
116,0.024405730413969512,0.33223281103489244,0.0012385196173486303,0.003621446896088493,0.0026670667601366473,0.6358344252775645,Wheeling,Sitting
117,0.019568464555603026,0.7186594711547597,0.0008578040266828211,0.0024393390269189887,0.001705566382409769,0.2567693548536261,Sitting,Sitting
118,0.010453957036512904,0.5008355218304629,0.0007622470203772991,0.001258660738359026,0.0008846134323102494,0.48580499994197746,Wheeling,Sitting
119,0.004386548325910431,0.24784791988699056,0.00042353574264700114,0.000622760200049463,0.0013400540244847753,0.7453791818199178,Wheeling,Wheeling
120,0.005826149142510314,0.3288112248342426,0.00042221810285693784,0.0006485623490218984,0.0007281655607605009,0.663563680010608,Wheeling,Wheeling
121,0.00387485636674658,0.3018903559455814,0.00033024355864377255,0.00040983257800685516,0.0004405851377130417,0.6930541264133084,Wheeling,Wheeling
122,0.00763651754003364,0.34963917785066967,0.000490557400064376,0.0008935162076276311,0.0010402739697147854,0.6402999570318897,Wheeling,Wheeling
123,0.004941538587932252,0.349723786310731,0.00040015203721475176,0.0004988037156993931,0.0007503502084403543,0.6436853691399823,Wheeling,Wheeling
124,0.004275816753295528,0.3725881594923951,0.0004498333963042147,0.00044150809086385107,0.0006832800377561662,0.621561402229385,Wheeling,Wheeling
125,0.00506353151184619,0.21688961900204431,0.00044006075985119996,0.0006080797086487301,0.0006997718645445618,0.7762989371530653,Wheeling,Wheeling
126,0.0033879167068907937,0.3063022282572109,0.00034255640964566927,0.0003658670178132541,0.0004426639373160938,0.689158767671123,Wheeling,Wheeling
127,0.004928987671050776,0.37431776796372773,0.0004338837928317289,0.0005958067033264012,0.0010631571686128345,0.6186603967004504,Wheeling,Wheeling
128,0.004860485802459792,0.1531093978160183,0.00035473141914560635,0.0005301225918743979,0.0008519081977453965,0.8402933541727564,Wheeling,Wheeling
129,0.004349899324292253,0.3771108314979586,0.00036449101921976845,0.00047768185615260577,0.000901143248658019,0.6167959530537189,Wheeling,Wheeling
130,0.004497544766614131,0.3653047889061087,0.000368480710547715,0.00043500225772750376,0.0005582327538181963,0.6288359506051843,Wheeling,Wheeling
131,0.00593149547856965,0.24383098729375793,0.0005083725180615787,0.0007176289568995853,0.0008215489410061854,0.748189966811705,Wheeling,Wheeling
132,0.004789054616773862,0.19859099024199572,0.0003840687234704122,0.0005292760095140332,0.0006747588500402254,0.7950318515582058,Wheeling,Wheeling
133,0.004396916592703012,0.36531302837573754,0.0004224347563195182,0.0005321054829956567,0.0010883812894678126,0.6282471335027764,Wheeling,Wheeling
134,0.00461833077966796,0.3056348006842517,0.00038900213770514774,0.0004941299185809878,0.001139442692082846,0.6877242937877113,Wheeling,Wheeling
135,0.0014601384571960323,0.24757160609642861,0.0004022565701908669,0.0004393982172369898,0.0005454060571318749,0.7495811946018154,Wheeling,Wheeling
136,0.0066566879067108614,0.243090059651526,0.0004831837170206573,0.0007745437242359934,0.0016785181525816768,0.7473170068479247,Wheeling,Wheeling
137,0.9865608002163091,0.003645229251902502,0.002794033595627732,0.0009398238373896805,0.0020254536721681458,0.004034659426603154,Lying,Lying
138,0.9818210522943327,0.008361447762507593,0.002057058066702414,0.0030556153052515114,0.0014056399076474103,0.003299186663558621,Lying,Lying
139,0.9740138195117156,0.01264205223713588,0.0023479045106077697,0.00416007444431094,0.0023829292936917573,0.0044532200025379776,Lying,Lying
140,0.9786090452807428,0.01115686282353399,0.0015336224582075096,0.0031509176754865847,0.0030039423454695027,0.0025456094165597653,Lying,Lying
141,0.9779149911288871,0.011640636250139403,0.0015468016161891127,0.003485407558295809,0.0025927204358375962,0.0028194430106507416,Lying,Lying
142,0.9777950527402584,0.011690160454155512,0.001633267428931038,0.0034830472988496134,0.0024728100367287344,0.0029256620410767244,Lying,Lying
143,0.9778971804067585,0.011815036682608384,0.0016331028054780172,0.003442057407080535,0.0023365117724945595,0.0028761109255798054,Lying,Lying
144,0.9779373523739254,0.011956066865076751,0.0015326227982829963,0.003517690128808729,0.0022674822245082964,0.0027887856093975804,Lying,Lying
145,0.9780668321251351,0.01118928172579874,0.0016993079578529059,0.003589645645357098,0.002601828467717984,0.002853104078138493,Lying,Lying
146,0.9777247137461635,0.011945216071651823,0.001243104363445064,0.0037629364244243266,0.002483148752848851,0.0028408806414661793,Lying,Lying
147,0.9769766738094539,0.01273798397335608,0.0011588741603956764,0.0037505656953282867,0.0026859472254523588,0.0026899551360138893,Lying,Lying
148,0.980819963000104,0.009568767336625515,0.0010212007413753737,0.0039773019620164725,0.002798771347229499,0.0018139956126488825,Lying,Lying
149,0.9820355132769171,0.008232744187369816,0.001357576607322312,0.003072137046345505,0.003094296070403017,0.002207732811642246,Lying,Lying
150,0.9784195484211071,0.011267073235329241,0.001204940301983674,0.003341944992072476,0.003092347797373158,0.0026741452521344532,Lying,Lying
151,0.9782814116370389,0.011519314560138112,0.001177415248389183,0.0035181986604036707,0.002804426071066053,0.002699233822964156,Lying,Lying
152,0.9752263157387553,0.013562952218269449,0.001397452334632095,0.004014830054736245,0.002379654100833257,0.003418795552773497,Lying,Lying
153,0.9742321953088452,0.013913332568404007,0.0014738215691893857,0.004222036113784986,0.0025502717635007416,0.0036083426762756735,Lying,Lying
154,0.9781174815869416,0.011479991820652135,0.0012660071216710684,0.003498302797590043,0.002875054389024613,0.002763162284120671,Lying,Lying
155,0.9788958058415249,0.011126905184596953,0.0012008134829410298,0.0035430725602449992,0.002651359508262055,0.002582043422430591,Lying,Lying
156,0.9711232705288936,0.01562339414726587,0.0016746939047436963,0.004530267284920058,0.0024985228044484688,0.0045498513297286105,Lying,Lying
157,0.9775960098263174,0.011790482190736074,0.0012690551829975967,0.0035907467390224853,0.0029244838485682676,0.0028292222123579933,Lying,Lying
158,0.9784595454215869,0.010859050663847325,0.0012118875126573717,0.001681386985110959,0.002879071847134849,0.004909057569662301,Lying,Lying
159,0.006394599913812546,0.09422583979810192,0.02655392897631315,0.7491156699667002,0.058344353061400546,0.06536560828367181,Standing,Standing
160,0.004458664319999897,0.04542474349561041,0.017183955645731403,0.8144272526653086,0.06482267023778751,0.05368271363556246,Standing,Standing
161,0.002893618979146686,0.026219201270133028,0.012895749851976434,0.9149999602956335,0.016406826390532588,0.026584643212577752,Standing,Standing
162,0.002912542549782721,0.028267770998134097,0.006829069342262081,0.9254629565263933,0.018266576340797838,0.01826108424263007,Standing,Standing
163,0.005896707735020895,0.047791625651514784,0.023698905968499766,0.7071727648366875,0.060809879390030436,0.15463011641824623,Standing,Standing
164,0.003946146499530515,0.048854133998588775,0.024813900736936744,0.8695942163312111,0.01350766037581595,0.03928394205791681,Standing,Standing
165,0.024046644389760452,0.09620974477701152,0.39367498984604327,0.308875743084685,0.04953631526332758,0.1276565626391723,StairClimbing,Standing
166,0.003650283669318435,0.08022642147337768,0.011903464730764273,0.8389144297761271,0.030857631338146826,0.0344477690122657,Standing,Standing
167,0.0010975390817641111,0.0023984870721474277,0.010439086874206943,0.9714934137829994,0.010269112275651183,0.0043023609132306325,Standing,Standing
168,0.0028389995285446677,0.17049808328700317,0.017334846161898346,0.7415907812628171,0.02872074771057989,0.03901654204915679,Standing,Standing
169,0.0028946031016902365,0.06752167416299819,0.013827704526237996,0.8829467275086395,0.010423514528029646,0.022385776172404327,Standing,Standing
170,0.002133175904497829,0.046253029916115566,0.00957282637131895,0.8951202068182063,0.020274822916225406,0.026645938073636227,Standing,Standing
171,0.0035132420681540824,0.07124891418466485,0.007812708494024524,0.8666845074833148,0.022571168478051615,0.02816945929179014,Standing,Standing
172,0.0046185189182216015,0.19844998382877002,0.05034509881168573,0.5106716053152094,0.047034850089309924,0.18887994303680322,Standing,Standing
173,0.0036480503018846253,0.2163129657002141,0.007486755682712396,0.7247317332157401,0.02518724919974968,0.022633245899699297,Standing,Standing
174,0.0030230303159063643,0.047088263977096236,0.028408553161787062,0.6738576992260076,0.17923456230719775,0.06838789101200435,Standing,Standing
175,0.007286538012127292,0.04286603089115275,0.09334652797162377,0.06454512416605467,0.4967833935095168,0.2951723854495246,Walking,Walking
176,0.0033959088795670355,0.02345841265881207,0.015741223662572756,0.005981272198875571,0.8748486808194312,0.07657450178074099,Walking,Walking
177,0.002189548728321546,0.015270381222102574,0.012545120736445616,0.0021459242855224356,0.9517608491913176,0.016088175836290103,Walking,Walking
178,0.0021408331996299224,0.008966826113015183,0.021857148638258127,0.002146426196524904,0.9453522141854651,0.01953655166710654,Walking,Walking
179,0.0029337807182761807,0.016641134522405933,0.015242300385366102,0.01199329397223244,0.8935188932888037,0.059670597112915884,Walking,Walking
180,0.00296418606770856,0.012821550186340186,0.03506890255743319,0.001605638312541493,0.9282780674346762,0.019261655441300606,Walking,Walking
181,0.002470809439194648,0.006564038947489817,0.03476064020914674,0.001005795701271868,0.9237457173749853,0.031452998327911506,Walking,Walking
182,0.002764810332044313,0.021334067740470242,0.09435064551931188,0.004322954135781121,0.8351068188845605,0.04212070338783195,Walking,Walking
183,0.003884694054443078,0.013971629106040303,0.02004420058856007,0.006001245076001287,0.9328819079118923,0.02321632326306289,Walking,Walking
184,0.002850814854315325,0.01310602331359107,0.023312547201144198,0.00395128920956803,0.9161963461831035,0.040582979238277986,Walking,Walking
185,0.004527017535855601,0.01740363716037737,0.041620772391659275,0.0063843453444923145,0.9155256238096843,0.014538603757931416,Walking,Walking
186,0.002456214308295175,0.01225074096803437,0.08756441519147488,0.004224600209328657,0.8391500914040977,0.05435393791876921,Walking,Walking
187,0.0029414907240816516,0.012070206787615586,0.013744906437096416,0.0010964079762324078,0.9403923301434919,0.029754657931482013,Walking,Walking
188,0.0029841578800325385,0.01579920089122672,0.013821952236890906,0.002149084765141966,0.9437475378796707,0.02149806634703723,Walking,Walking
189,0.0020585394076041825,0.0119636892242475,0.015274922516359904,0.003690122813578741,0.956411149046587,0.010601576991622617,Walking,Walking
190,0.0019468939586626904,0.006178552250939078,0.030424616702625088,0.0004931128894870701,0.9556031976456327,0.005353626552653196,Walking,Walking
191,0.0019451813657721227,0.013594105119511478,0.21238981914707214,0.0022106233727300223,0.7618956987454061,0.007964572249507992,Walking,Walking
192,0.004153158491995256,0.025231620137130525,0.18266463420469092,0.022563887224966345,0.729429399696008,0.0359573002452088,Walking,Walking
193,0.0027636796309257654,0.010136104453375145,0.017940161982694092,0.003370879902977668,0.938383624943721,0.02740554908630621,Walking,Walking
194,0.003866615412534279,0.014940326667909657,0.14718314643134095,0.0081455949164487,0.8004875150704494,0.025376801501317343,Walking,Walking
195,0.001903244695831764,0.0028769568215913648,0.9916765958923699,0.0025097232033778538,0.0006144801583920117,0.00041899922843672497,StairClimbing,Walking
196,0.002293009358258658,0.0035596873478336696,0.0879036604267492,0.0013694269732896535,0.9000477589966701,0.004826456897198511,Walking,Walking
197,0.003180198368411737,0.01570170314650877,0.4391955131902795,0.003155875750292401,0.5155632139074915,0.023203495637016205,Walking,Walking
198,0.0017920946093954013,0.0047511393085001635,0.028496875169576247,0.0012510026527577515,0.9556363830518859,0.008072505207884797,Walking,Walking
199,0.007120941752732834,0.01749637407202647,0.2860113775661432,0.007366137095107121,0.4657587277850293,0.21624644172896088,Walking,Walking
200,0.0018630005256786908,0.006666420134351535,0.027421829176570815,0.0012468991605954294,0.9494889661075429,0.013312884895260528,Walking,Walking
201,0.0025807471148443623,0.008287538149368905,0.028548333645128966,0.003938102850978522,0.9433009529819033,0.013344325257776119,Walking,Walking
202,0.0021864727457129854,0.0051260694836834245,0.11108637158045913,0.0005429288032681005,0.8708401020060358,0.010218055380840321,Walking,Walking
203,0.0028855778747430946,0.005648951427906621,0.08520514647067941,0.0009806277831872427,0.9007844901731723,0.004495206270311406,Walking,Walking
204,0.002637100472027718,0.012297312999008636,0.3212815649094157,0.003365069617567175,0.6482076248748536,0.012211327127127221,Walking,Walking
205,0.0023592112085960367,0.012677341765096894,0.11273078916998451,0.002971788200092267,0.8455938808510046,0.023666988805225643,Walking,Walking
206,0.002957286142450947,0.007347176507565138,0.09868002813587712,0.0022376265796988284,0.8684790510761512,0.020298831558256493,Walking,Walking
207,0.0020731423107111426,0.00939924383091929,0.07171002050121529,0.0015903656767155135,0.8998082802713834,0.015418947409055344,Walking,Walking
208,0.002563422791479719,0.01344249919930178,0.05148263717966211,0.0063144647460714395,0.9057060828795651,0.020490893203919978,Walking,Walking
209,0.002431890078065833,0.006704973874413931,0.06926217255857037,0.0055656396273336215,0.894714107989821,0.021321215871795363,Walking,Walking
210,0.002593612604969083,0.00990648229604691,0.12729692999414133,0.0015131957956652582,0.8388244948673215,0.019865284441855684,Walking,Walking
211,0.00202067335573017,0.00955009080433361,0.13906663321113033,0.0024131859203898936,0.8211138661988516,0.025835550509564327,Walking,Walking
212,0.0025825222929384936,0.010969554439881735,0.05470309713650292,0.0029542553208037055,0.9114165784041278,0.017373992405745373,Walking,Walking
213,0.0020937761641745033,0.015373735108072837,0.057383017956184196,0.014546925332921918,0.8929938542904486,0.017608691148197995,Walking,Walking
214,0.001846383902982345,0.009375949118976332,0.08369072309935166,0.003481217178722594,0.896184087472062,0.005421639227905315,Walking,Walking
215,0.006755603929772958,0.014977136157537554,0.6239827081271697,0.11733569476703538,0.21512336352937275,0.02182549348911114,StairClimbing,Walking
216,0.015367342340215001,0.02607128236683958,0.25013135104409934,0.468368445663253,0.20669520898787425,0.03336636959771862,StairClimbing,Walking
217,0.0026628792713054247,0.010358677874701794,0.08055488045566736,0.7173903841103286,0.1620497021095037,0.026983476178493032,Standing,Standing
218,0.002845011782528588,0.021362617114746085,0.01678877893191126,0.8712154334292057,0.07320656694621008,0.014581591795398212,Standing,Standing
219,0.002716752996343238,0.019456699648490956,0.027472894836064184,0.8942274952382692,0.03254491770109372,0.023581239579738743,Standing,Standing
220,0.002741476486976587,0.03373310281797184,0.019843293133336614,0.9126787117304864,0.012783390887930552,0.018220024943297924,Standing,Standing
221,0.0025155106922692128,0.011545827372430376,0.009816039544432187,0.9564170432201732,0.01275139706751774,0.006954182103177369,Standing,Standing
222,0.002723253586999479,0.023201630822041682,0.008586067140247561,0.9433110484743028,0.01378013601959517,0.008397863956813066,Standing,Standing
223,0.0031295299606041737,0.03324575205630926,0.012253267823249587,0.9121199220554546,0.021741897823197784,0.0175096302811847,Standing,Standing
224,0.0024633054895261447,0.017194740521417038,0.014107981343485053,0.9385136793775823,0.01391114389948665,0.013809149368502466,Standing,Standing
225,0.0032292453616111143,0.013767030060666192,0.006546656343754872,0.9558149068872324,0.011913364135575474,0.00872879721115999,Standing,Standing
226,0.004156356431523765,0.05601896778180984,0.007173388992547423,0.8931045945215644,0.0215670813857713,0.0179796108867831,Standing,Standing
227,0.0033011132557861336,0.09002013099536117,0.009808225354627977,0.822275403317972,0.03262216988617834,0.04197295719007448,Standing,Standing
228,0.0023958136807369287,0.012713218020437844,0.010802870382095656,0.9303044683484908,0.024990405618802117,0.018793223949436968,Standing,Standing
229,0.002804542331231789,0.03456522235450079,0.015801258133394988,0.905294590618933,0.019223512726036205,0.022310873835903362,Standing,Standing
230,0.002467977540603605,0.035698202905165254,0.012554241635960287,0.8951747275059803,0.02199791586227838,0.03210693455001268,Standing,Standing
231,0.002441271604547789,0.019129545780921485,0.006997668937144625,0.9381631571378795,0.022129369918525692,0.011138986620980972,Standing,Standing
232,0.0031595201820336944,0.051151179729776425,0.009500839290564252,0.902024575283178,0.01979852656998727,0.01436535894446009,Standing,Standing
233,0.0019703995697039492,0.014035469651334828,0.004347867378894569,0.9551968043783158,0.011416226269194947,0.013033232752555756,Standing,Standing
234,0.0019841982434908112,0.012985258749839959,0.007898337762100827,0.9542165682304754,0.010583422032709141,0.012332214981384487,Standing,Standing
235,0.0039778367287576135,0.022185012136193654,0.0892569020221657,0.7237335633176362,0.14981622131531805,0.01103046447992854,Standing,Standing
236,0.9821990419074077,0.00802218151380087,0.0025769147123858058,0.002663794702991374,0.0015382612529971995,0.0029998059104170793,Lying,Lying
237,0.954700462295233,0.01849764881060294,0.005643779610434525,0.005642487020410429,0.0029532341969209976,0.012562388066397891,Lying,Lying
238,0.9761526063316482,0.01316507697161056,0.0015238099994419052,0.0035779272359435423,0.002624027620986473,0.002956551840369018,Lying,Lying
239,0.9735482478127044,0.015292983665816176,0.0015254707615143853,0.0039022668864972065,0.00238498568426232,0.0033460451892055676,Lying,Lying
240,0.9715919485812623,0.014895195662198699,0.002269582475390427,0.003728837971572289,0.0029467663958472616,0.004567668913728626,Lying,Lying
241,0.9776366947290489,0.012331977517368241,0.0015464167641965215,0.003527939490765986,0.0022667328617016853,0.0026902386369185927,Lying,Lying
242,0.9749911002782535,0.014015960479205905,0.0015971581159488503,0.00378153662591997,0.002388706139079032,0.0032255383615927094,Lying,Lying
243,0.9547421511804053,0.029799678036948454,0.0010337417982001597,0.006495026101937951,0.0008177266135390736,0.007111676268969208,Lying,Lying
244,0.9779359238866363,0.012090695543227115,0.0015637846385586445,0.00350321176724765,0.002219907041662753,0.0026864771226677167,Lying,Lying
245,0.9735653710797704,0.014581751366375103,0.001917359473438992,0.0039200245721424335,0.002265203840525595,0.0037502896677474133,Lying,Lying
246,0.9748351285360443,0.013232204578320764,0.0022343846486224993,0.003829214498510036,0.0016541626126552519,0.004214905125847185,Lying,Lying
247,0.9762781458895222,0.012077978946161272,0.0022713639650353695,0.003436624194678139,0.002435902333611295,0.003499984670991695,Lying,Lying
248,0.9796883482007978,0.009034116442650295,0.0027886839922156076,0.003114467732282375,0.0023474531928135995,0.00302693043924049,Lying,Lying
249,0.9766830940330332,0.012257167609080476,0.0018675736430045972,0.0037970679546846515,0.0024271339495796035,0.0029679628106176054,Lying,Lying
250,0.9624497315648086,0.021939107710536525,0.00182739948302275,0.0035928932998464426,0.003834574110108857,0.006356293831676897,Lying,Lying
251,0.9581128331554162,0.015612830238709033,0.006805598829471583,0.005139799633691317,0.004420843830372373,0.009908094312339605,Lying,Lying
252,0.9671193149320153,0.018370372318835593,0.002634765035558643,0.004292354445910056,0.0019411472362985092,0.005642046031381896,Lying,Lying
253,0.9775243155955208,0.012163786466331986,0.0020896858589385422,0.0032398549659344938,0.0013814618793808043,0.0036008952338932787,Lying,Lying
254,0.9699116153002785,0.016998700591234827,0.0018898889824755466,0.004231376823162923,0.0029021672853221697,0.00406625101752603,Lying,Lying
255,0.9795598590692437,0.010179260437948928,0.0018941971664250851,0.0033690271784168244,0.002340065275538844,0.0026575908724264996,Lying,Lying
256,0.9718090644795844,0.01578953712617211,0.0017863793403833628,0.004261648162058093,0.002655055823496196,0.003698315068305688,Lying,Lying
257,0.9657531325539657,0.01651009845596971,0.0030711200192423574,0.005068913891778333,0.003798741885907787,0.005797993193135933,Lying,Lying
258,0.9716303043403904,0.015839458168922602,0.0018772411608316524,0.004281631960636944,0.0024284613316131443,0.003942903037604864,Lying,Lying
259,0.9681162273049253,0.018018201867196597,0.002124720636805285,0.004322693135318288,0.0022681552059907,0.005150001849763636,Lying,Lying
260,0.9716494621440875,0.01631503007178215,0.0017878162421226015,0.004048053171473274,0.002132092581291551,0.004067545789243054,Lying,Lying
261,0.9726993990507152,0.015622574391839575,0.0017373689041621468,0.004010861549646041,0.0020779216306380396,0.0038518744729988206,Lying,Lying
262,0.980407628431804,0.011097520922835565,0.0016111196861615426,0.002937148264799361,0.001913765593677068,0.0020328171007228295,Lying,Lying
263,0.9803721276846669,0.011087102339147713,0.0018172094308763476,0.0030225440151267933,0.001499588281618502,0.0022014282485638722,Lying,Lying
264,0.9806062579847448,0.011579111240227938,0.001274972819912051,0.0030151932954697097,0.0017094583096647544,0.0018150063499810336,Lying,Lying
265,0.980447468764339,0.009867667971204442,0.0016225006921332533,0.0024312342529553633,0.001674044208104251,0.003957084111263638,Lying,Lying
266,0.9762055905908896,0.0029896204214973025,0.005654867226376493,0.002047594699089558,0.005152309282964845,0.007950017779182169,Lying,Lying
267,0.0020163479396047546,0.18050386917766148,0.002076798435034531,0.0034678956790516304,0.007334323536914617,0.8046007652317333,Wheeling,Wheeling
268,0.001862439921091136,0.411909386871843,0.003921547525517235,0.005843411789418313,0.005254919847472087,0.5712082940446583,Wheeling,Wheeling
269,0.0017155071450550615,0.3556633819963106,0.002350604361586606,0.007458469097499905,0.005165331460328385,0.6276467059392191,Wheeling,Wheeling
270,0.002125743922675178,0.292422988763084,0.0024017256457489556,0.006623951408940013,0.00792870147143788,0.6884968887881142,Wheeling,Wheeling
271,0.0017988238801414217,0.2443965327452571,0.0019011380606111861,0.003743691935330209,0.0074489442265894485,0.7407108691520706,Wheeling,Wheeling
272,0.0019602713930877303,0.31297901727874017,0.002171782261556564,0.005153161812130839,0.006526373585211169,0.6712093936692737,Wheeling,Wheeling
273,0.001535404287070837,0.39077790127415435,0.007765351301627707,0.0062108352041448855,0.003943018243968039,0.589767489689034,Wheeling,Wheeling
274,0.0023935537664144945,0.2263148492509871,0.0013197142090916368,0.004782572151981365,0.007198087184506532,0.7579912234370194,Wheeling,Wheeling
275,0.0018530898821432307,0.3590747451693501,0.0027124885458565725,0.008670533419451117,0.0058647509556033805,0.6218243920275954,Wheeling,Wheeling
276,0.0023471646290356596,0.16774513045210954,0.0012255702612917374,0.004316863228465031,0.011207732891709473,0.8131575385373884,Wheeling,Wheeling
277,0.0019281095421495172,0.09906805547477343,0.001424546623288952,0.0030681468310553477,0.011770438791396321,0.8827407027373367,Wheeling,Wheeling
278,0.0020012347290861835,0.27743533677071414,0.0026288424902189897,0.007705262096595579,0.007063070298159274,0.703166253615226,Wheeling,Wheeling
