,0,1,2,3,4,5,modelStates,target
0,0.4648688164398877,0.11560225351230004,0.11607082326158229,0.19801411680780281,0.06138237673565255,0.04406161324277434,Lying,Lying
1,0.24657509242753256,0.04475086997841506,0.04242893031262016,0.6292668269438082,0.02375627931982825,0.013222001017795856,Standing,Lying
2,0.0761649091497902,0.02598893904881954,0.056591575437237474,0.8215348104109865,0.01195059619371152,0.007769169759455234,Standing,Lying
3,0.050398490862421604,0.022186173992061874,0.035725125641334066,0.8771266346079667,0.007647879565213373,0.006915695331002221,Standing,Lying
4,0.0978757674313883,0.02067414347815848,0.031048488863105076,0.8340868983006207,0.010761158684496277,0.00555354324223111,Standing,Lying
5,0.24714270497320528,0.02742364755599163,0.0786306312738965,0.6111986972763572,0.03016913515453361,0.005435183766015403,Standing,Lying
6,0.24402104800241783,0.01886460835309797,0.045639180903844286,0.6758079655957703,0.011269296918415533,0.004397900226454076,Standing,Lying
7,0.06581373903909478,0.008721321459661702,0.004134881078087148,0.9172196290166792,0.0018626504731907717,0.0022477789332861885,Standing,Lying
8,0.09975955990375755,0.010246808532591975,0.007483702760185082,0.875421090205072,0.004656410163472576,0.002432428434920459,Standing,Lying
9,0.040582137773469334,0.00821836789391204,0.006967735031815707,0.9405237143577027,0.0018546125123314412,0.0018534324307688758,Standing,Lying
10,0.022827500356809107,0.007878145287889814,0.005089891370290361,0.961475550896639,0.0009894939182298304,0.0017394181701420165,Standing,Lying
11,0.1087967796336723,0.015786215946559233,0.020466018006964903,0.8168364381474932,0.0336660057350409,0.004448542530269421,Standing,Lying
12,0.020731264616703608,0.007912595559761135,0.004426033690405457,0.9631454778300771,0.0007311013725934927,0.003053526930459381,Standing,Lying
13,0.045117857411066595,0.008025066350203202,0.0024620806310820887,0.9413064085777485,0.000923325518140203,0.0021652615117592616,Standing,Lying
14,0.12109689792215689,0.011365242845801253,0.00753778215915423,0.8504133505687261,0.006988984211668938,0.002597742292492658,Standing,Lying
15,0.09792675289862131,0.011558647481177756,0.017081364960837547,0.861767125122104,0.009329931594948269,0.0023361779423111658,Standing,Lying
16,0.04694621619491508,0.008258849727539258,0.003215067933740541,0.9378955223898827,0.001456155370122199,0.0022281883838003386,Standing,Lying
17,0.04871167277902673,0.007217390958154587,0.002090102487767777,0.9389208319793891,0.0008157060436882738,0.002244295751973549,Standing,Lying
18,0.1307508960919657,0.022348727004281185,0.05925618521778782,0.7340505214797368,0.046804346265894206,0.006789323940334095,Standing,Lying
19,0.1307508960919657,0.022348727004281185,0.05925618521778782,0.7340505214797368,0.046804346265894206,0.006789323940334095,Standing,Lying
20,0.1307508960919657,0.022348727004281185,0.05925618521778782,0.7340505214797368,0.046804346265894206,0.006789323940334095,Standing,Lying
21,0.1307508960919657,0.022348727004281185,0.05925618521778782,0.7340505214797368,0.046804346265894206,0.006789323940334095,Standing,Lying
22,0.1307508960919657,0.022348727004281185,0.05925618521778782,0.7340505214797368,0.046804346265894206,0.006789323940334095,Standing,Lying
23,0.1307508960919657,0.022348727004281185,0.05925618521778782,0.7340505214797368,0.046804346265894206,0.006789323940334095,Standing,Lying
24,0.1307508960919657,0.022348727004281185,0.05925618521778782,0.7340505214797368,0.046804346265894206,0.006789323940334095,Standing,Lying
25,0.1307508960919657,0.022348727004281185,0.05925618521778782,0.7340505214797368,0.046804346265894206,0.006789323940334095,Standing,Lying
26,0.1307508960919657,0.022348727004281185,0.05925618521778782,0.7340505214797368,0.046804346265894206,0.006789323940334095,Standing,Lying
27,0.1307508960919657,0.022348727004281185,0.05925618521778782,0.7340505214797368,0.046804346265894206,0.006789323940334095,Standing,Lying
28,0.1307508960919657,0.022348727004281185,0.05925618521778782,0.7340505214797368,0.046804346265894206,0.006789323940334095,Standing,Lying
29,0.1307508960919657,0.022348727004281185,0.05925618521778782,0.7340505214797368,0.046804346265894206,0.006789323940334095,Standing,Lying
30,0.1307508960919657,0.022348727004281185,0.05925618521778782,0.7340505214797368,0.046804346265894206,0.006789323940334095,Standing,Lying
31,0.06499785081256924,0.008124732965995049,0.9088304800135141,0.005853655162659903,0.00974270463579796,0.0024505764094642363,StairClimbing,Lying
32,0.532006581625614,0.14738870169250828,0.1309973668802933,0.03716150174100456,0.10900761746493412,0.04343823059564584,Lying,Lying
33,0.7133419059366396,0.016928303798605836,0.13848196322778736,0.0015095780854505075,0.1266978538745232,0.003040395076993524,Lying,Lying
34,0.8604386704068172,0.1387267537935644,0.00022346148302000558,0.00020460793286444567,0.0003776547337903866,2.8851649943798263e-05,Lying,Sitting
35,0.8564318197342408,0.1426828499038349,0.00022465698364502822,0.00026073397586892367,0.0003826532415662199,1.728616084423982e-05,Lying,Sitting
36,0.8646138714142768,0.13382729891635559,0.00010981170292912316,0.00014403974028119235,0.00018809971185397095,0.0011168785143028416,Lying,Sitting
37,0.9874023596364357,0.012512902998949624,1.79657701523002e-05,2.781065275379457e-05,3.664622825485159e-05,2.3147134537985374e-06,Lying,Sitting
38,0.9804700624399474,0.019428000759828208,1.9292440012917474e-05,3.307007520374354e-05,3.819300331057494e-05,1.1381281697251114e-05,Lying,Sitting
39,0.9893217532736572,0.010604353182176922,9.065911543431891e-06,2.7836322210583636e-05,1.61607319239014e-05,2.083057848791548e-05,Lying,Sitting
40,0.9886059873182522,0.01131462257118799,1.6864707013442407e-05,2.44804051404461e-05,3.588829184459384e-05,2.1567065612083252e-06,Lying,Sitting
41,0.9900276371229457,0.00988105065711148,2.073221490145045e-05,3.175482277299104e-05,3.8566308391922984e-05,2.588738763598968e-07,Lying,Sitting
42,0.990296386868306,0.009621106053455243,1.6979625087029404e-05,2.7265210811137417e-05,3.778952987507458e-05,4.7271246558460387e-07,Lying,Sitting
43,0.9896371083974023,0.010278758709025127,1.7495386347125717e-05,2.848576517775232e-05,3.7360939849307376e-05,7.908021984102387e-07,Lying,Sitting
44,0.9898130593081841,0.01009502936276511,1.843738851252216e-05,3.1070148459976814e-05,4.214091237224395e-05,2.6287970594210543e-07,Lying,Sitting
45,0.9912155511289542,0.008709199393984885,1.591559809038431e-05,2.9839415440637597e-05,2.919125395683258e-05,3.032095730574958e-07,Lying,Sitting
46,0.9867970524173199,0.01308851206661338,2.636609703864624e-05,4.285148533819948e-05,4.497169316019094e-05,2.4624052960424056e-07,Lying,Sitting
47,0.9867970524173199,0.01308851206661338,2.636609703864624e-05,4.285148533819948e-05,4.497169316019094e-05,2.4624052960424056e-07,Lying,Sitting
48,0.990518066494721,0.00938830627291451,2.1227530670801215e-05,2.96290383076432e-05,4.229542010200628e-05,4.752432839783822e-07,Lying,Sitting
49,0.99010372274313,0.00980904668880312,1.8350349966899965e-05,2.8618797912022722e-05,3.9693934521312285e-05,5.674856666477482e-07,Lying,Sitting
50,0.9907206202206438,0.009188423505336068,2.038353277634186e-05,2.867320516218493e-05,4.1575698778736176e-05,3.238373030051723e-07,Lying,Sitting
51,0.9898863260233727,0.010036666101694246,1.4673662933680783e-05,3.2626573380921846e-05,2.8143904503788435e-05,1.56373411474026e-06,Lying,Sitting
52,0.9907155085095019,0.009202871669105533,1.6985627047473648e-05,2.8108795914934094e-05,3.600127613868297e-05,5.241222914503955e-07,Lying,Sitting
53,0.996526283745836,0.0034217011700323555,2.4326172066129595e-05,1.6655025901808478e-05,1.0486191839205914e-05,5.476943243794435e-07,Lying,Sitting
54,0.924303832035445,0.007136277117480274,0.04515511130094288,0.019314549687118134,0.0036157510302091645,0.00047447882880445933,Lying,Standing
55,0.9580438895853765,0.007683374128955554,0.013342237462353534,0.015547726311891809,0.004750285563397316,0.000632486948025582,Lying,Standing
56,0.9457929222265271,0.008833301818527843,0.020829238349915066,0.020264403002964157,0.003372816263005964,0.0009073183390598742,Lying,Standing
57,0.9490534627828187,0.0076157101037145295,0.022309583526850134,0.01768831365033223,0.0026510789162167534,0.0006818510200679912,Lying,Standing
58,0.9168280007720926,0.014675852622457342,0.027358120988401156,0.038327639519148866,0.0016386050011871513,0.0011717810967129998,Lying,Standing
59,0.8514183924527314,0.047061431966307535,0.02285846099509915,0.06683028989316082,0.007569309059313121,0.004262115633388106,Lying,Standing
60,0.8627791192704294,0.015810323961081767,0.0726190664802792,0.03363703492161774,0.013800722342744228,0.0013537330238478221,Lying,Standing
61,0.8627791192704294,0.015810323961081767,0.0726190664802792,0.03363703492161774,0.013800722342744228,0.0013537330238478221,Lying,Standing
62,0.8627791192704294,0.015810323961081767,0.0726190664802792,0.03363703492161774,0.013800722342744228,0.0013537330238478221,Lying,Standing
63,0.8627791192704294,0.015810323961081767,0.0726190664802792,0.03363703492161774,0.013800722342744228,0.0013537330238478221,Lying,Standing
64,0.88168818922175,0.015618748496714763,0.05315305148242733,0.03832874455160172,0.009082322661980169,0.002128943585525771,Lying,Standing
65,0.8710883105819688,0.016357945064040678,0.05207787248290568,0.05297757659297601,0.005355499983536534,0.002142795294572196,Lying,Standing
66,0.021103571675870188,0.028598953946755466,0.0006826168463633912,0.0004916203281781663,0.0006142835699222342,0.9485089536329103,Wheeling,Wheeling
67,0.012092954458864831,0.027302280683207704,0.0006132900165445561,0.0005499014725313095,0.0007120123788252558,0.9587295609900263,Wheeling,Wheeling
68,0.027633276171059318,0.14511331123095345,0.001051753730679246,0.0008571026805685269,0.0010250809085081876,0.8243194752782309,Wheeling,Wheeling
69,0.009003374694741315,0.0019285820706637937,9.341160261019675e-05,0.00017671492673698965,0.0004640552027364511,0.9883338615025112,Wheeling,Wheeling
70,0.014546832029496807,0.004603842568246332,0.0009415586129077789,0.0003430889931026649,0.0005031110858662866,0.97906156671038,Wheeling,Wheeling
71,0.032437984229973155,0.011665455967377189,0.0017125742885997516,0.0005774222875198142,0.0012964118462059867,0.9523101513803239,Wheeling,Wheeling
72,0.0505375390689702,0.017226693119956078,0.0015022783788801693,0.0009351769768548445,0.0015775750627598205,0.9282207373925788,Wheeling,Wheeling
73,0.02691326324520145,0.011508969373232774,0.0013868314626115173,0.00029791551932510397,0.0008237058284014293,0.9590693145712279,Wheeling,Wheeling
74,0.019796449449800035,0.021757537233015736,0.0011835584946332377,0.0007703967935652088,0.0010586213195088981,0.9554334367094768,Wheeling,Wheeling
75,0.024055795944803022,0.036484357363146064,0.0012437462689450787,0.0010603946047056272,0.0011551899402130704,0.9360005158781869,Wheeling,Wheeling
76,0.05604173772152047,0.03424742443391518,0.003544533744559813,0.003948742581027564,0.0034343433606713733,0.8987832181583054,Wheeling,Wheeling
77,0.03095268413187208,0.009149655654905763,0.0008636510158080891,0.0007459133481715437,0.0009650958161225481,0.95732300003312,Wheeling,Wheeling
78,0.024322586121993124,0.021496620660013517,0.0013432890726062323,0.0009942751890471035,0.0012495175652846861,0.9505937113910553,Wheeling,Wheeling
79,0.013885894925862813,0.018961972830461627,0.0010176114858575652,0.000996485664787619,0.0009485824889861519,0.9641894526040443,Wheeling,Wheeling
80,0.045700889455422354,0.03684438741394812,0.002093716264672272,0.0018873210507687253,0.0020574743272572054,0.9114162114879312,Wheeling,Wheeling
81,0.03156302872083954,0.5426592674924499,0.001076676527624691,0.0008474143175148522,0.0008194396879774057,0.42303417325359377,Wheeling,Wheeling
82,0.018812700280178615,0.041573839253218337,0.0006892394277079708,0.0007538003901778671,0.0006612255941214632,0.937509195054596,Wheeling,Wheeling
83,0.021858282402353327,0.049299167035595545,0.0010575102861261712,0.0010124637937012487,0.0009427423018061525,0.9258298341804172,Wheeling,Wheeling
84,0.021716431498599077,0.03397931857643492,0.0009079034965515924,0.001152477281986561,0.0009738062278596922,0.9412700629185684,Wheeling,Wheeling
85,0.01584748744327106,0.031240857457461555,0.0013986827102081664,0.0010325906825116823,0.0010965150805535035,0.949383866625994,Wheeling,Wheeling
86,0.014748930744094283,0.14594843712219277,0.0014036950817063896,0.0012186519145425735,0.0009459748431191008,0.8357343102943448,Wheeling,Wheeling
87,0.03396134296877775,0.10156465489360869,0.0018511137506890324,0.0017892078724590906,0.0017302720478927773,0.8591034084665725,Wheeling,Wheeling
88,0.030600376441031796,0.11304528287304852,0.001767792980867502,0.002041430053821458,0.0018020077227664374,0.8507431099284644,Wheeling,Wheeling
89,0.02659610258862464,0.12311380769051396,0.004091081686113223,0.004391616328852303,0.003308053244638538,0.8384993384612569,Wheeling,Wheeling
90,0.02503209446539432,0.039530355643150425,0.0025387376250331543,0.002323593031070526,0.0025039537085240595,0.9280712655268274,Wheeling,Wheeling
91,0.014800009681331276,0.05966604383170745,0.005007542975318073,0.0032165561620704337,0.0029210103147718058,0.9143888370348009,Wheeling,Wheeling
92,0.06356473009238892,0.026464977433285648,0.0028462141610076075,0.0026469228143753453,0.0034081412645300215,0.9010690142344123,Wheeling,Wheeling
93,0.03722960238159615,0.020605363200313503,0.001574554710041287,0.0010194803760284036,0.0016120673965284648,0.9379589319354923,Wheeling,Wheeling
94,0.05235898354416839,0.39600896790085927,0.002746048557683504,0.002434536217804886,0.0024232212148338275,0.5440282425646502,Wheeling,Wheeling
95,0.028019505400732274,0.34902214682075555,0.0015819980478366522,0.0007778075024846457,0.0008888713184362668,0.6197096709097544,Wheeling,Wheeling
96,0.046726743072387986,0.5965826239491276,0.002335935792585528,0.0015213988440633997,0.0016087928154155445,0.35122450552642015,Sitting,Wheeling
97,0.021155398667779955,0.011277164282983228,0.0008149274224424311,0.0009648016982568037,0.000930707305138832,0.9648570006233989,Wheeling,Wheeling
98,0.02179264138103396,0.16143337015064735,0.0016611532164642956,0.0027272600143553208,0.0012049144200633232,0.8111806608174356,Wheeling,Wheeling
99,0.03661709036001487,0.33755351671229167,0.0014684870282352979,0.00258693435303881,0.0013723311872228176,0.6204016403591965,Wheeling,Wheeling
100,0.04747883094158851,0.12203427805375454,0.002121479974453368,0.003448273051684334,0.0022781127128244138,0.8226390252656947,Wheeling,Wheeling
101,0.19624240520483938,0.06536600244439299,0.03918885534962174,0.009439361827145384,0.05078785551729242,0.6389755196567081,Wheeling,Wheeling
102,0.047676704219218595,0.06822328169480776,0.01485223680371187,0.03143349000849545,0.02193871563470644,0.8158755716390599,Wheeling,Wheeling
103,0.0848511419773015,0.22565566731537023,0.02510587197639901,0.06354800866850091,0.031369358631838484,0.5694699514305902,Wheeling,Wheeling
104,0.12179654587331085,0.1851117118076833,0.03755064481254981,0.09886658632738678,0.06360836978283416,0.493066141396235,Wheeling,Wheeling
105,0.17401856301951335,0.18494516915266607,0.044213306472085906,0.13541445820857864,0.07488405406414331,0.38652444908301287,Wheeling,Wheeling
106,0.11641697767089054,0.17676382530040166,0.05181207065373705,0.1302466087388418,0.05130171921633365,0.4734587984197949,Wheeling,Wheeling
107,0.15044712448576897,0.14849131007127628,0.07796830164506016,0.14898170016271559,0.10513991010015182,0.3689716535350267,Wheeling,Wheeling
108,0.1671364942005498,0.11764273299928724,0.0522781945213959,0.12515297617644627,0.1249060324478996,0.4128835696544211,Wheeling,Wheeling
109,0.14720180673467878,0.07323473153823006,0.03859686963879109,0.04402727318466562,0.07286756217575933,0.624071756727875,Wheeling,Wheeling
110,0.006102775045860524,0.002033956612531092,0.05775196916476051,0.06407848537119055,0.8668667781515058,0.0031660356541517404,Walking,Walking
111,0.011038377656987806,0.0017330676378913856,0.6318777641637204,0.015384098885879702,0.33886192772314966,0.0011047639323706574,StairClimbing,Walking
112,0.10929044847880641,0.004356788705368179,0.45578337801568836,0.021762322721067474,0.40683618581251096,0.001970876266558555,StairClimbing,Walking
113,0.00442691335264311,0.0007508798647803709,0.2405354447858898,0.001285769154012844,0.7513499621481434,0.0016510306945303423,Walking,Walking
114,0.06691584700673638,0.004122111022262342,0.2979079097142892,0.009982389722692194,0.6188203235401523,0.002251418993867511,Walking,Walking
115,0.006523236301391338,0.000801335984325362,0.14863556569817782,0.001005785980686231,0.8416391707270866,0.0013949053083327585,Walking,Walking
116,0.05729163074164872,0.00464121020409788,0.3166761411085354,0.015883008282024862,0.6025419257543521,0.002966083909341091,Walking,Walking
117,0.0045421875723395625,0.0009819332069774106,0.0771084907446178,0.001402888169841696,0.9134245072541491,0.0025399930520745057,Walking,Walking
118,0.07835381807719558,0.0035614586285221046,0.28813398693462927,0.010935242594339865,0.6169854214353987,0.0020300723299147097,Walking,Walking
119,0.003706790113907636,0.0008489521683548154,0.08117378112979451,0.0008743628837635731,0.9115417905446883,0.0018543231594913326,Walking,Walking
120,0.044128621643503875,0.003223303269810515,0.22541340803510984,0.005177252953831768,0.7203242006983863,0.0017332133993574995,Walking,Walking
121,0.002908444154590494,0.0008268388880022925,0.04438669656834496,0.0007051342363517438,0.9487765214899584,0.0023963646627523593,Walking,Walking
122,0.04981145371751071,0.004336619930995743,0.19148828785374478,0.007304358399997458,0.7443171387650819,0.0027421413326693895,Walking,Walking
123,0.0018659108278867313,0.0009305568179883753,0.017877541630389307,0.0009584684333789841,0.9742313186825102,0.004136203607846353,Walking,Walking
124,0.06850469038692995,0.004015404479923788,0.20456477476432075,0.006977688054562606,0.7133131621615088,0.0026242801527543327,Walking,Walking
125,0.0031827722796176025,0.0007732795250713132,0.08756105718172795,0.0008085807186946787,0.905843875017998,0.0018304352768905383,Walking,Walking
126,0.0892666451876708,0.005250351481266315,0.19613008251241953,0.010907944494648368,0.6956391720088999,0.0028058043150950506,Walking,Walking
127,0.004578650095376807,0.0014752205770219686,0.06960640115117059,0.006670325015643156,0.9104843163835866,0.007185086777200887,Walking,Walking
128,0.035918337195271675,0.003674145888830558,0.17083509185826723,0.00738748311711155,0.7797865709227355,0.002398371017783949,Walking,Walking
129,0.006396801863212634,0.0005727726536060493,0.10228534944686457,0.0007205514368558174,0.8891688820655713,0.0008556425338899,Walking,Walking
130,0.04123868300243927,0.003374425014374029,0.23050165220655333,0.0067465356958714365,0.7160825125399848,0.002056191540777066,Walking,Walking
131,0.005051515993112456,0.000756388127209478,0.0550433921184531,0.0007538321421075988,0.9366720857652947,0.001722785853822651,Walking,Walking
132,0.08167398958295244,0.005027787872420651,0.13223702820877248,0.0074692996857719405,0.7703806928430469,0.00321120180703506,Walking,Walking
133,0.0032653299100723495,0.001045241189565902,0.048474614201855795,0.001010096060798523,0.9421205354935184,0.004084183144189324,Walking,Walking
134,0.02410826641235716,0.0036317306109882232,0.4367021454617177,0.005226324322996867,0.5264855888305754,0.003845944361364809,Walking,Walking
135,0.009257219040910534,0.0021917858550717043,0.47399672949375604,0.019451187380804726,0.4921579962251225,0.002945082004334026,StairClimbing,Walking
136,0.011924450937943884,0.00516822870746748,0.2652905886454628,0.07301684822994088,0.6295461580373257,0.015053725441859275,Walking,Walking
137,0.03942509711311806,0.004147137525756361,0.2725588661883236,0.010536409075202322,0.6698308614910566,0.0035016286065426647,Walking,Walking
138,0.007226328836081255,0.0007318645573366231,0.11144319390928147,0.001190181834838253,0.8785823898993557,0.0008260409631066419,Walking,Walking
139,0.0018125599377138168,0.0013947086867090058,0.06962115602421995,0.009711932898354243,0.9137539828200965,0.0037056596329065245,Walking,Walking
140,0.05540901362881664,0.004200847797199909,0.22543664490434479,0.01961019769754689,0.6922154808669146,0.003127815105176905,Walking,Walking
141,0.0021986865854698805,0.0006954785359658436,0.03879662428938017,0.0005289233461979286,0.9554717238215342,0.0023085634214519515,Walking,Walking
142,0.04331660905901989,0.0043802148277467794,0.11780942102256266,0.006511450522046599,0.8244048761279179,0.0035774284407061943,Walking,Walking
143,0.005547010524683419,0.0007740529810703487,0.02182979867825002,0.0006233431761215651,0.969279763436663,0.0019460312032116588,Walking,Walking
144,0.031283979141749914,0.0032104407838400555,0.10932498497327188,0.004425387550703142,0.8488094023448898,0.00294580520554495,Walking,Walking
145,0.0034880011219906282,0.00041837766758023317,0.12346253830149269,0.00042342921189462935,0.8715434486016158,0.0006642050954259461,Walking,Walking
146,0.03673673607340607,0.004008763832992754,0.1222956761500687,0.006480101559463556,0.8268847909256309,0.0035939314584377065,Walking,Walking
147,0.005740681511241534,0.0006005121335771193,0.07246011252080661,0.0007445752008574304,0.9194430246332571,0.001011094000260273,Walking,Walking
148,0.03280552110055546,0.002273416375688309,0.0894377590045216,0.0028547732638081807,0.870552233646714,0.0020762966087125158,Walking,Walking
149,0.0011538210276532538,0.0005758946957749399,0.09462134346429195,0.0002459492657371768,0.9023684850463173,0.001034506500225354,Walking,Walking
150,0.035061190228966914,0.0017694034163505828,0.11425891382677439,0.0022868930127015303,0.8447752421118432,0.001848357403363688,Walking,Walking
151,0.003016706346431453,0.0007595348308157287,0.11032345126107579,0.0005437829814312589,0.8834377465820665,0.001918777998179098,Walking,Walking
152,0.017363121640278766,0.0014421671559106558,0.06696840412462252,0.0013340215603562645,0.9114350385144421,0.001457247004389474,Walking,Walking
153,0.003955389250982861,0.000860631475435553,0.1451670914683649,0.0005282937730953026,0.8485260698363677,0.0009625241957535055,Walking,Walking
154,0.023853938344275665,0.046333214330492464,0.004447374856621186,0.014450485981700874,0.002524608434064679,0.9083903780528451,Wheeling,Sitting
155,0.07768591621574918,0.4568835114996784,0.01203287503141833,0.0243479514279291,0.015067019881880138,0.41398272594334495,Wheeling,Sitting
156,0.06133923450719131,0.3130776995250947,0.01240217940509583,0.024552787542038837,0.011093413723730263,0.5775346852968488,Wheeling,Sitting
157,0.17121044099608604,0.4388768906114131,0.010059324593804715,0.0218290224612538,0.013675935060151974,0.34434838627729036,Wheeling,Sitting
158,0.20175535020951674,0.4951482901794564,0.005981597836001884,0.02190270381942363,0.014166805036682559,0.26104525291891895,Wheeling,Sitting
159,0.05357188572166718,0.09563455947354804,0.006532282708490144,0.02124791851508693,0.004253220536789673,0.8187601330444181,Wheeling,Sitting
160,0.05328932407132087,0.19464601264258258,0.008928548478062629,0.022828420891109025,0.007790503609945491,0.7125171903069794,Wheeling,Sitting
161,0.09123846543869295,0.3708429564659757,0.007502463289536447,0.022772287880652848,0.011730059588273807,0.4959137673368684,Wheeling,Sitting
162,0.038739387902273034,0.09964832910752396,0.006466820490634827,0.0197455742829021,0.004375343798429925,0.8310245444182364,Wheeling,Sitting
163,0.08294905959588977,0.3382176068809084,0.028048256609194414,0.04158710213430296,0.03841740968840484,0.4707805650912997,Wheeling,Sitting
164,0.08294905959588977,0.3382176068809084,0.028048256609194414,0.04158710213430296,0.03841740968840484,0.4707805650912997,Wheeling,Sitting
165,0.08294905959588977,0.3382176068809084,0.028048256609194414,0.04158710213430296,0.03841740968840484,0.4707805650912997,Wheeling,Sitting
166,0.08294905959588977,0.3382176068809084,0.028048256609194414,0.04158710213430296,0.03841740968840484,0.4707805650912997,Wheeling,Sitting
167,0.08294905959588977,0.3382176068809084,0.028048256609194414,0.04158710213430296,0.03841740968840484,0.4707805650912997,Wheeling,Sitting
168,0.08294905959588977,0.3382176068809084,0.028048256609194414,0.04158710213430296,0.03841740968840484,0.4707805650912997,Wheeling,Sitting
169,0.08294905959588977,0.3382176068809084,0.028048256609194414,0.04158710213430296,0.03841740968840484,0.4707805650912997,Wheeling,Sitting
170,0.08294905959588977,0.3382176068809084,0.028048256609194414,0.04158710213430296,0.03841740968840484,0.4707805650912997,Wheeling,Sitting
171,0.03461603294264359,0.017082300761382157,0.0015498929508007391,0.0012024930853072194,0.0019981485853647328,0.9435511316745016,Wheeling,Wheeling
172,0.007108591725372196,0.0018599437655164933,0.0009285870389556977,0.0003713132049450876,0.0009567843299038833,0.9887747799353064,Wheeling,Wheeling
173,0.037232398920232126,0.02689171199510836,0.003345501624719661,0.0014046290547081398,0.0030816015086172015,0.9280441568966145,Wheeling,Wheeling
174,0.03987133924873001,0.022611715512688275,0.002801530742292117,0.0019307235103184063,0.0024218490264532396,0.9303628419595179,Wheeling,Wheeling
175,0.03478763819014919,0.02180063730566874,0.002487868693535589,0.0018155722497369508,0.0028321640702771112,0.9362761194906324,Wheeling,Wheeling
176,0.02818222224783267,0.023438444439853587,0.004300480790713546,0.002068400871649412,0.0031703640662919755,0.9388400875836586,Wheeling,Wheeling
177,0.03258485034661302,0.009237418394721687,0.0023008407927751634,0.001516237147998198,0.0024923668610758497,0.9518682864568162,Wheeling,Wheeling
178,0.034432139090681366,0.023885815509121156,0.003171252832097886,0.0027477362320894308,0.003177949348244303,0.9325851069877661,Wheeling,Wheeling
179,0.042967851219465746,0.036489335170127306,0.0020150854538096966,0.002376054232666291,0.0035851091018997737,0.9125665648220308,Wheeling,Wheeling
180,0.03695977619927345,0.13750263232690782,0.0035513265012094204,0.0019748188346462993,0.0030953843178166797,0.8169160618201464,Wheeling,Wheeling
181,0.03391156247761372,0.03674592168382293,0.002176949033948893,0.002241265029974952,0.002057276025381436,0.9228670257492582,Wheeling,Wheeling
182,0.03267447837165158,0.01250705820058114,0.0037317376417926465,0.0024018141731102813,0.003758956244959265,0.9449259553679049,Wheeling,Wheeling
183,0.020310879755357544,0.007882851974086792,0.0018910458052718323,0.002165498025601446,0.003920384102555352,0.963829340337127,Wheeling,Wheeling
184,0.01143203013003324,0.0054954446536928025,0.001408648570237643,0.0016715984372088974,0.002327214867769941,0.9776650633410573,Wheeling,Wheeling
185,0.037182305655565025,0.028363679018714616,0.0042128415769179745,0.0024515377972250114,0.010346840709565965,0.9174427952420117,Wheeling,Wheeling
186,0.022086984179000332,0.023852551100166555,0.0028817870834874507,0.001981983789620335,0.002270703151774252,0.9469259906959511,Wheeling,Wheeling
187,0.055700674356090676,0.036736309992709,0.005313482549318077,0.005143146587719546,0.017831611050243244,0.8792747754639196,Wheeling,Wheeling
188,0.03130000332533123,0.08456939117598526,0.0031445407062410976,0.003614549316508254,0.004381350499969269,0.8729901649759649,Wheeling,Wheeling
189,0.04450276284013312,0.03379286766779912,0.0031943444489869015,0.0033516303645102228,0.007521134919004369,0.9076372597595666,Wheeling,Wheeling
190,0.04899869752318275,0.03514642552172005,0.002587318534425625,0.0034407767402134673,0.002538356331782702,0.9072884253486753,Wheeling,Wheeling
191,0.06074318398216484,0.11384811735151218,0.003232481031503277,0.002769028730156052,0.0032954459093954024,0.8161117429952681,Wheeling,Wheeling
192,0.0652702440922048,0.16832930223815068,0.015426133068230251,0.007598051012535938,0.009903329447278062,0.7334729401416002,Wheeling,Wheeling
193,0.03836028010015415,0.12137951782654874,0.00865945799835781,0.006527276033560551,0.004565649849828336,0.8205078181915509,Wheeling,Wheeling
194,0.05409900007236681,0.11323139297838379,0.006937124744043411,0.007962049578866127,0.004389014233276242,0.8133814183930635,Wheeling,Wheeling
195,0.04762026614895315,0.14407073772367698,0.007370447085540184,0.007233364723323687,0.0054554695205001,0.7882497147980058,Wheeling,Wheeling
196,0.018174439167616165,0.05762064615272955,0.0033709164008562087,0.0037005306685090984,0.002834496660219097,0.9142989709500698,Wheeling,Wheeling
197,0.05203754164701524,0.13993993987431685,0.0022649633108550744,0.006920921768628524,0.003874025337141344,0.7949626080620426,Wheeling,Wheeling
198,0.01892581832901634,0.02682375616674612,0.000770258850546635,0.0023133068476019324,0.0015245074989124348,0.9496423523071769,Wheeling,Wheeling
199,0.07241030669769863,0.04160908183593926,0.0022078918045405917,0.005644974675266305,0.00395478602576999,0.8741729589607854,Wheeling,Wheeling
200,0.022612930846688837,0.02945633553373691,0.005804760122278905,0.002279222660596049,0.0033425901475908843,0.9365041606891084,Wheeling,Wheeling
201,0.19993387148081512,0.12089248087597608,0.058937294518909694,0.0459484990696622,0.10504254687605535,0.46924530717858143,Wheeling,Wheeling
202,0.9735080126344429,0.024265717103182566,0.0003792018020927905,0.00024221408295860134,0.0004028691129877657,0.001201985264334995,Lying,Lying
203,0.9488833703855647,0.04384381327951085,0.0011835184879401888,0.0008086324405445969,0.001326016995938514,0.0039546484105011164,Lying,Lying
204,0.9793960827065885,0.019135944250560904,0.00023560049408445272,0.0001582196943537561,0.00025327793543635294,0.0008208749189761942,Lying,Lying
205,0.9376970518995946,0.050567705506351264,0.0010757160715860587,0.000912622470723263,0.001232112096707911,0.008514791955036878,Lying,Lying
206,0.8560499260852984,0.14049249504826922,5.5709236088789135e-05,0.0004328474464685632,0.00014382923691737853,0.0028251929469578696,Lying,Lying
207,0.8587470037589504,0.1392713504847799,0.00013267349283338175,0.0004481893208056748,0.00033659044888060337,0.001064192493750075,Lying,Lying
208,0.8491066943804279,0.14690643314837384,0.0001460183488186874,0.00044616747423849307,0.0002735605629535244,0.003121126085187811,Lying,Lying
209,0.8276916596855215,0.1704588234408914,0.0002507799957307516,0.0008924541921876197,0.0004511729238709145,0.0002551097617981766,Lying,Lying
210,0.8484190826736194,0.14659315775635304,0.00015890708168674847,0.0004783216999240661,0.0003051502600658895,0.004045380528351005,Lying,Lying
211,0.833890944027545,0.163345020017331,0.00019223138505817256,0.0006394897187389315,0.0003569212508895705,0.0015753936004374637,Lying,Lying
212,0.8318560430959714,0.16600818183253221,0.0003146046361704026,0.0008845941343032345,0.0005821118417601078,0.00035446445926258063,Lying,Lying
213,0.8363288154657418,0.16084670926974406,0.00015680318201078105,0.0005745913713086688,0.00031700080608149014,0.0017760799051130176,Lying,Lying
214,0.8301863903695551,0.16769357791303566,0.0003915515608463148,0.0010328890661979184,0.000665589247013793,3.0001843351234296e-05,Lying,Lying
215,0.8445501558815434,0.1539117982205829,0.00023845515725534557,0.0005638921709291555,0.0004505279789728803,0.00028517059071642706,Lying,Lying
216,0.8246437271712889,0.17336451256881857,0.00037408008637681184,0.001008364240892926,0.0005825915692704363,2.6724363352292383e-05,Lying,Lying
217,0.8344017479621637,0.16396894551661276,0.0002605081913597371,0.0007422698086202626,0.0004990300366927759,0.00012749848455059925,Lying,Lying
218,0.8425852201236822,0.15562379129978068,0.0003448816144803684,0.0007838140607910781,0.0006194936835429317,4.279921772290162e-05,Lying,Lying
219,0.8383561421343325,0.16017193165020738,0.0002542751190236108,0.0006024903373373729,0.0004839020166493036,0.00013125874244983974,Lying,Lying
220,0.8402541293593754,0.15809473629242105,0.00018406455212535878,0.0005322652719438574,0.0003504133356665549,0.0005843911884681064,Lying,Lying
221,0.8735922423408433,0.12513368449541082,0.00025028245194824993,0.00037271410356908604,0.00036876779662895664,0.00028230881159951773,Lying,Lying
222,0.04476328624007643,0.005185495320067499,0.3562320757519494,0.5505216588966296,0.041088860874292664,0.002208622916984221,Standing,Standing
223,0.05036504672887517,0.005275990489755992,0.18895721303024568,0.7235672844631215,0.029296152086685255,0.002538313201316546,Standing,Standing
224,0.05333644016458282,0.006245960011413459,0.15129176740923028,0.7591232313391708,0.02706994139293953,0.0029326596826627633,Standing,Standing
225,0.11933987007229786,0.007914939897736142,0.09583587371748321,0.729308351685021,0.042849748105128094,0.004751216522332988,Standing,Standing
226,0.08418356115894343,0.014201443393834383,0.13258175365436983,0.6114008922795667,0.14804274659916347,0.009589602914122341,Standing,Standing
227,0.08418356115894343,0.014201443393834383,0.13258175365436983,0.6114008922795667,0.14804274659916347,0.009589602914122341,Standing,Standing
228,0.08418356115894343,0.014201443393834383,0.13258175365436983,0.6114008922795667,0.14804274659916347,0.009589602914122341,Standing,Standing
229,0.08418356115894343,0.014201443393834383,0.13258175365436983,0.6114008922795667,0.14804274659916347,0.009589602914122341,Standing,Standing
230,0.08418356115894343,0.014201443393834383,0.13258175365436983,0.6114008922795667,0.14804274659916347,0.009589602914122341,Standing,Standing
231,0.03665813866842382,0.006929623055917176,0.35079946237234677,0.5417865991172816,0.05883717443997862,0.004989002346052126,Standing,Standing
232,0.041585528495777326,0.005791399123254642,0.253375379392157,0.16498299308586112,0.5302389824460375,0.004025717456912526,Walking,Standing
233,0.026892064603765448,0.006001508886417229,0.2498348130725735,0.6173173034139032,0.09393091831872825,0.006023391704612557,Standing,Standing
234,0.05722258780932392,0.009444961779502176,0.05444391876967099,0.7144962618323005,0.1541781888433151,0.010214080965887223,Standing,Standing
235,0.08029330434821318,0.015981022116665335,0.19303770408019036,0.4302279251438423,0.261461585158569,0.01899845915251976,Standing,Standing
236,0.05517895705280291,0.0026867220403999042,0.7401336928619621,0.01147463379342722,0.18941399145001742,0.0011120028013903722,StairClimbing,Walking
237,0.042668793596597795,0.0021408069773145725,0.672394827149143,0.013656868605102915,0.26797742877222336,0.0011612748996184849,StairClimbing,Walking
238,0.0026017751454124236,0.0010410217447419038,0.4674060115084758,0.007537156769715631,0.5154049738483961,0.006009060983258521,Walking,Walking
239,0.007178952547977292,0.00188212154969136,0.050270266669459204,0.003465907987010622,0.9352646008562161,0.0019381503896457298,Walking,Walking
240,0.0034554491910381664,0.0006443133705671405,0.16496252247658882,0.0007058685415218867,0.8293786675279554,0.0008531788923285029,Walking,Walking
241,0.007500069995328663,0.002773557044966733,0.08659393578410794,0.00796916533700505,0.8922650942747842,0.0028981775638077696,Walking,Walking
242,0.01907766656603087,0.0010264631999683863,0.12320203414162369,0.001960516804680888,0.8539262557645204,0.000807063523175739,Walking,Walking
243,0.0040440618781969456,0.001117025793348759,0.032462206606197655,0.0006176864682319866,0.959354210285091,0.002404808968933806,Walking,Walking
244,0.04752201998945347,0.0028954550968162867,0.10837334668834205,0.00847040346887921,0.8301733087653762,0.0025654659911326845,Walking,Walking
245,0.002224753359362242,0.0006085849144404966,0.026598465257469738,0.00031018039667280947,0.9695255010137502,0.0007325150583043396,Walking,Walking
246,0.10504048499959631,0.003994433971086259,0.2638773574095507,0.01270701392587989,0.6123613390603296,0.002019370633557438,Walking,Walking
247,0.0020728989139531012,0.0009321279280913956,0.03544379394716563,0.000667969371946032,0.9586034362723368,0.0022797735665070545,Walking,Walking
248,0.04188442819066523,0.0027959998167347688,0.0755976302393748,0.005092696082129375,0.8727611560331444,0.0018680896379512815,Walking,Walking
249,0.003399932441175859,0.0008212723407581758,0.03881625572817771,0.0005998299814723434,0.9545698818024102,0.0017928277060058095,Walking,Walking
250,0.020493593208487326,0.0009756346774586809,0.1071863566742313,0.0011024145178884543,0.8695132936302922,0.0007287072916415814,Walking,Walking
251,0.004790645573827471,0.0010856124216025065,0.04403930026641079,0.0006533905219165921,0.9469453002853538,0.0024857509308887095,Walking,Walking
252,0.02558395678329856,0.0013564036462709913,0.23214123145556076,0.00293105729272744,0.7370714418317531,0.0009159089903890572,Walking,Walking
253,0.003214086179543524,0.0006130036415132522,0.05916153574513074,0.00043995736122052906,0.9356089459197574,0.0009624711528344289,Walking,Walking
254,0.03104778779496623,0.003136533756965911,0.2009859976818708,0.014684257937514647,0.7473075237471161,0.0028378990815666433,Walking,Walking
255,0.0042440975488536705,0.002249229027160426,0.15030024609453763,0.017841587584206828,0.8215193337604211,0.0038455059848206373,Walking,Walking
256,0.012571569487535642,0.002270265187589283,0.07921833287929718,0.005902915526881784,0.8974898376179619,0.002547079300734449,Walking,Walking
257,0.012397490118558747,0.0011991334608523932,0.9121542192067396,0.0040881200697106875,0.06847981888278071,0.0016812182613578108,StairClimbing,Walking
258,0.0018941207390995557,0.0009657766368375461,0.13788654521248403,0.0024930657193484303,0.8541480230386528,0.00261246865357744,Walking,Walking
259,0.04720691093954211,0.003181500885333253,0.3483004800400943,0.004766023623585809,0.5946212737005739,0.001923810810870733,Walking,Walking
260,0.005089291735587908,0.0005223503129154548,0.051036530320793624,0.00059055372047585,0.9420559165711603,0.0007053573390670215,Walking,Walking
261,0.05572777328086973,0.004474963591106903,0.05780696483009528,0.009278780408000776,0.8697085273948435,0.0030029904950837276,Walking,Walking
262,0.0033268825875644305,0.0005961064349201898,0.04631929496971361,0.000541544129427983,0.9479442426935415,0.0012719291848322888,Walking,Walking
263,0.04931022365069978,0.004314156107946202,0.06358229759843471,0.009451251403286719,0.8702281896904078,0.0031138815492246772,Walking,Walking
264,0.004684764156673609,0.0005636554071873639,0.06656597152922729,0.000613562311627956,0.9265877603106643,0.0009842862846195179,Walking,Walking
265,0.03396499867273921,0.002457521570938063,0.06321070860323315,0.004500082952841199,0.8939315203446404,0.0019351678556080545,Walking,Walking
266,0.00607568719442988,0.001175978627897277,0.04879708206796078,0.0009601909917531457,0.9404443640666246,0.00254669705133426,Walking,Walking
267,0.022505643906722564,0.0017886841769934939,0.19703302517793875,0.0026746566496533117,0.774376355559335,0.0016216345293568629,Walking,Walking
268,0.006337823402903561,0.0009941174964031955,0.08949522889067267,0.002159386798318036,0.8986580154105906,0.002355428001111058,Walking,Walking
269,0.026527615528367667,0.007400263493488304,0.1663442590046894,0.10981360148039632,0.6783305006160584,0.011583759877000329,Walking,Walking
270,0.038908529864757464,0.010536575260096931,0.2680783261764912,0.143750164751655,0.5233934810684413,0.015332922878557469,Walking,Walking
271,0.02844740243009444,0.013879287255301227,0.10060226484102462,0.39783846709950277,0.42953008887888583,0.029702489495191046,Standing,Standing
272,0.038280264351743504,0.014479811131942152,0.11217349350372738,0.5527389984926346,0.24784341843421523,0.03448401408573683,Standing,Standing
273,0.0678799156092186,0.017664941435997204,0.03865818909234338,0.7387089057240328,0.10568987628019841,0.03139817185820975,Standing,Standing
274,0.040715073708083784,0.015394178731414894,0.1505154848718827,0.6369395088858189,0.12448150903754675,0.03195424476525287,Standing,Standing
275,0.060199539650151034,0.015099889562400883,0.07586824857927368,0.7393292444050195,0.0905371193810944,0.018965958422060294,Standing,Standing
276,0.03897969737143422,0.012455469830892203,0.1357087627648598,0.5670208924425152,0.22699839008323258,0.01883678750706629,Standing,Standing
277,0.09676072734785084,0.02005960235498289,0.032130867889012635,0.7627410270218666,0.06498051013041091,0.02332726525587607,Standing,Standing
