,0,1,2,3,4,5,modelStates,target
0,0.4423128817097968,0.11395610333211506,0.12555382766227163,0.21010370544379423,0.06789110505666297,0.0401823767953597,Lying,Lying
1,0.24923831081610795,0.04606604198835893,0.0479812512430292,0.6147491270550555,0.029854911560116645,0.012110357337331913,Standing,Lying
2,0.08464269444027632,0.02751657392013664,0.06284157559132877,0.8032442485894663,0.014590699217235326,0.007164208241556629,Standing,Lying
3,0.058540077570987996,0.02345150028637269,0.04027921552163232,0.8619897198120049,0.009473560763610587,0.006265926045391638,Standing,Lying
4,0.10844851922106767,0.022225088532175558,0.03610964009351629,0.8142448666440175,0.013822181917083093,0.005149703592140167,Standing,Lying
5,0.24745799697170057,0.028362945478304473,0.08787562071943622,0.5949456585714517,0.036251596521081265,0.005106181738026265,Standing,Lying
6,0.24977491175524147,0.02004251658162061,0.05176616927123994,0.6586525510080884,0.015489608643790674,0.004274242740018986,Standing,Lying
7,0.08006079061908782,0.009833647410092832,0.0057788681678002975,0.899400895234607,0.002916607910804929,0.0020091906576071407,Standing,Lying
8,0.11550048215568691,0.011775728231385688,0.010222907232412122,0.8530716624014592,0.007218483750885863,0.0022107362281696347,Standing,Lying
9,0.05111811575552197,0.009129996179331032,0.00918098027595227,0.9260697092707328,0.002836856696538323,0.0016643418219234223,Standing,Lying
10,0.030428384794151303,0.008590275591277246,0.006734687073769665,0.9512306783734641,0.0014404572322200902,0.0015755169351177973,Standing,Lying
11,0.11397321036303072,0.017338259160247303,0.024241707411139145,0.8027467333141016,0.03697940564830179,0.004720684103179406,Standing,Lying
12,0.027150554126457914,0.008771104999062408,0.0058607072682251935,0.9541017475605017,0.0009782998822252204,0.0031375861635278422,Standing,Lying
13,0.05720300531235821,0.008993332932583033,0.003512459300483628,0.9270099203358555,0.0013512507097350203,0.0019300314089843256,Standing,Lying
14,0.1370455412537971,0.01296870253215608,0.010270942548970666,0.8265004391236371,0.010822848104356502,0.0023915264370826693,Standing,Lying
15,0.11102253087160413,0.012900137619745176,0.021326376722103104,0.8392097732403105,0.0133252514645477,0.002215930081689238,Standing,Lying
16,0.05913704077731322,0.00922420249763922,0.004518726425521726,0.9228719758740218,0.0022612124609314994,0.00198684196457258,Standing,Lying
17,0.06153721981054847,0.008196525068147829,0.0028628450357766795,0.9243680371149983,0.001054780077287585,0.0019805928932410902,Standing,Lying
18,0.13221723047240105,0.02394285244899788,0.06549285515059965,0.7216542686429974,0.049590038909193904,0.007102754375810128,Standing,Lying
19,0.13221723047240105,0.02394285244899788,0.06549285515059965,0.7216542686429974,0.049590038909193904,0.007102754375810128,Standing,Lying
20,0.13221723047240105,0.02394285244899788,0.06549285515059965,0.7216542686429974,0.049590038909193904,0.007102754375810128,Standing,Lying
21,0.13221723047240105,0.02394285244899788,0.06549285515059965,0.7216542686429974,0.049590038909193904,0.007102754375810128,Standing,Lying
22,0.13221723047240105,0.02394285244899788,0.06549285515059965,0.7216542686429974,0.049590038909193904,0.007102754375810128,Standing,Lying
23,0.13221723047240105,0.02394285244899788,0.06549285515059965,0.7216542686429974,0.049590038909193904,0.007102754375810128,Standing,Lying
24,0.13221723047240105,0.02394285244899788,0.06549285515059965,0.7216542686429974,0.049590038909193904,0.007102754375810128,Standing,Lying
25,0.13221723047240105,0.02394285244899788,0.06549285515059965,0.7216542686429974,0.049590038909193904,0.007102754375810128,Standing,Lying
26,0.13221723047240105,0.02394285244899788,0.06549285515059965,0.7216542686429974,0.049590038909193904,0.007102754375810128,Standing,Lying
27,0.13221723047240105,0.02394285244899788,0.06549285515059965,0.7216542686429974,0.049590038909193904,0.007102754375810128,Standing,Lying
28,0.13221723047240105,0.02394285244899788,0.06549285515059965,0.7216542686429974,0.049590038909193904,0.007102754375810128,Standing,Lying
29,0.13221723047240105,0.02394285244899788,0.06549285515059965,0.7216542686429974,0.049590038909193904,0.007102754375810128,Standing,Lying
30,0.13221723047240105,0.02394285244899788,0.06549285515059965,0.7216542686429974,0.049590038909193904,0.007102754375810128,Standing,Lying
31,0.0720478395927453,0.008090669434051775,0.8976294068118603,0.006822317653341701,0.012929369087222604,0.002480397420778261,StairClimbing,Lying
32,0.513225494577051,0.14545999036365417,0.14189067301929736,0.036528666443540046,0.12361127628517243,0.03928389931128482,Lying,Lying
33,0.652484042044557,0.017281738191553903,0.1609115301532112,0.0017088554687547102,0.16506425435059108,0.0025495797913328185,Lying,Lying
34,0.8552046361498343,0.1438144926139369,0.00023341558085683385,0.0002781665951363922,0.00039876631302742906,7.052274720802686e-05,Lying,Sitting
35,0.8511275095217262,0.1478274186465475,0.00023394798152025648,0.0003656905805659884,0.00040322635036325085,4.220691927676639e-05,Lying,Sitting
36,0.8588126745832761,0.1386897617336106,0.00011433879270463184,0.00022039474321439614,0.00020065828804302746,0.001962171859151156,Lying,Sitting
37,0.9882497355911655,0.011685595000462993,1.5241465007529812e-05,2.5025116397847973e-05,2.1985216616945254e-05,2.4176103492938706e-06,Lying,Sitting
38,0.9817845980728971,0.018134713882759054,1.6268353499504477e-05,2.968052964848745e-05,2.2677985324142735e-05,1.2061175871779356e-05,Lying,Sitting
39,0.9900310158749058,0.009904650586261339,7.819457128816499e-06,2.4632087193130707e-05,9.314480505912026e-06,2.2567514005124016e-05,Lying,Sitting
40,0.9893720236337478,0.010567779340537965,1.4318540217188787e-05,2.2068774168010195e-05,2.1547655844656946e-05,2.2620554844011516e-06,Lying,Sitting
41,0.9907000812791532,0.009230568142718682,1.72341562126737e-05,2.8469990288667286e-05,2.3415052268509357e-05,2.3137935847934735e-07,Lying,Sitting
42,0.9909498467611481,0.00898798721886404,1.4369735323335095e-05,2.451231055405535e-05,2.280907340612131e-05,4.749007045572044e-07,Lying,Sitting
43,0.9903346119015158,0.009601527491348284,1.4919919279445407e-05,2.5620352486432663e-05,2.2502244494041304e-05,8.180908759360639e-07,Lying,Sitting
44,0.9905006492349141,0.009430418778586356,1.549181822497258e-05,2.7804730915664148e-05,2.5393974404989945e-05,2.41462954038846e-07,Lying,Sitting
45,0.9918051859025919,0.008136815281756945,1.3394716269775341e-05,2.6706044278562728e-05,1.7599928969210718e-05,2.981261337142816e-07,Lying,Sitting
46,0.9876887452281518,0.01222292869100734,2.251217129034872e-05,3.8521655790787416e-05,2.7088369583820483e-05,2.0388417593937333e-07,Lying,Sitting
47,0.9876887452281518,0.01222292869100734,2.251217129034872e-05,3.8521655790787416e-05,2.7088369583820483e-05,2.0388417593937333e-07,Lying,Sitting
48,0.9911579396528999,0.008770988883231665,1.8058589679882474e-05,2.6761950112784963e-05,2.578414180685714e-05,4.6678226909300123e-07,Lying,Sitting
49,0.9907705804317936,0.009163401210225915,1.5610812961178486e-05,2.579303802037475e-05,2.403909798604824e-05,5.754090127651586e-07,Lying,Sitting
50,0.9913468150169472,0.00858446610540034,1.72076909218056e-05,2.587371155699219e-05,2.533537807014599e-05,3.020971034102894e-07,Lying,Sitting
51,0.9905645474036792,0.009375416528992304,1.260739288994186e-05,2.911164784894609e-05,1.665840321474014e-05,1.6586233749634927e-06,Lying,Sitting
52,0.9913402717533668,0.008597712468107548,1.4467131630710255e-05,2.5284055392893482e-05,2.173134571080919e-05,5.332457911976096e-07,Lying,Sitting
53,0.996769521528969,0.0032002642222006042,9.60782279395045e-06,1.3748896804006119e-05,6.44018644305598e-06,4.173427892103818e-07,Lying,Sitting
54,0.9517104045214321,0.006382430562226046,0.022188359876108746,0.014638964270844554,0.004779516209074064,0.0003003245603144178,Lying,Standing
55,0.9656697708577624,0.007236110065156468,0.006579065377697465,0.013109592087787045,0.00686737282537036,0.0005380887862265557,Lying,Standing
56,0.9588504557514222,0.008137817158880898,0.010107572481580247,0.017277188253626913,0.0049733661695125385,0.0006536001849770859,Lying,Standing
57,0.9640568172391214,0.007049151172883495,0.010606394526351072,0.013845197829679183,0.003920591437323869,0.000521847794641006,Lying,Standing
58,0.9354544036241147,0.013620199025280492,0.014381013385154419,0.03389582936824384,0.0018657246529418655,0.0007828299442643935,Lying,Standing
59,0.8646152597990713,0.046185190950233206,0.017288433121816004,0.0608156660461053,0.007336837832718205,0.0037586122500565407,Lying,Standing
60,0.8980190477221608,0.014936382141976526,0.04307639564059671,0.025855495911770617,0.016962496920857974,0.0011501816626373917,Lying,Standing
61,0.8980190477221608,0.014936382141976526,0.04307639564059671,0.025855495911770617,0.016962496920857974,0.0011501816626373917,Lying,Standing
62,0.8980190477221608,0.014936382141976526,0.04307639564059671,0.025855495911770617,0.016962496920857974,0.0011501816626373917,Lying,Standing
63,0.8980190477221608,0.014936382141976526,0.04307639564059671,0.025855495911770617,0.016962496920857974,0.0011501816626373917,Lying,Standing
64,0.9088642124172442,0.01458279182115499,0.031147292672012755,0.031329095927883834,0.012365152068083606,0.0017114550936207663,Lying,Standing
65,0.8992048850308266,0.015434768874641234,0.030592785376334575,0.045179760802238164,0.007825272604980438,0.0017625273109787409,Lying,Standing
66,0.01735396067999373,0.023656309004259423,0.00046364926447424524,0.0004483524429924119,0.0006253463582376305,0.9574523822500426,Wheeling,Wheeling
67,0.009722888384884248,0.022533830932593354,0.0004500980134888612,0.0006092779752266836,0.0007948493819971151,0.96588905531181,Wheeling,Wheeling
68,0.023871508941014925,0.123779122489072,0.0007756222368900456,0.0008572293263546483,0.0009578928123464844,0.849758624194322,Wheeling,Wheeling
69,0.007048887020895698,0.0015551052533660367,5.033999585179486e-05,0.00019493309360642984,0.0005592682993394545,0.9905914663369407,Wheeling,Wheeling
70,0.011667348253800176,0.003727899909650833,0.0006502952037307943,0.00032968481926394267,0.0005407359150217253,0.9830840358985323,Wheeling,Wheeling
71,0.027220116975446663,0.00962487869541049,0.0011951542361415192,0.0005079534571603093,0.0013126151303093957,0.9601392815055318,Wheeling,Wheeling
72,0.043568535887602025,0.014395859091673922,0.0010381334995329704,0.0007512952327602656,0.0014405280659853784,0.9388056482224457,Wheeling,Wheeling
73,0.02234664687410328,0.00944026637596123,0.0009799252805083051,0.0002475831336907772,0.0008150125056935267,0.966170565830043,Wheeling,Wheeling
74,0.021062208681699553,0.01740872920741576,0.0012199469639106448,0.0008041954316377149,0.0010476130314561315,0.9584573066838804,Wheeling,Wheeling
75,0.025131379961494844,0.031002037871357385,0.0012669400628798364,0.00110194116445684,0.0011584271442343834,0.9403392737955767,Wheeling,Wheeling
76,0.05905749059327416,0.029957093364330806,0.0037288226692403855,0.004264540030113797,0.0036707462599796397,0.8993213070830611,Wheeling,Wheeling
77,0.03298028573385983,0.00776341819614228,0.0009234000043688257,0.0008235961998034326,0.0010243311255872043,0.9564849687402384,Wheeling,Wheeling
78,0.025901217688035723,0.017332494688903036,0.001391925567819939,0.0010508714276360068,0.00125344001155181,0.9530700506160534,Wheeling,Wheeling
79,0.014737717277553864,0.0149173108521106,0.001018926657763893,0.000991027927339713,0.000921484550143631,0.9674135327350883,Wheeling,Wheeling
80,0.04878637231183243,0.03144421725836821,0.0022348775808298587,0.002070039357031502,0.002199895731127222,0.9132645977608106,Wheeling,Wheeling
81,0.03099203147712662,0.5641231232142152,0.0010359830790926154,0.000825930855731997,0.0007441357006003391,0.40227879567323327,Wheeling,Wheeling
82,0.019481893373995557,0.03541435194339115,0.0007152179720341384,0.0007845141956558327,0.0006620319281206955,0.9429419905868026,Wheeling,Wheeling
83,0.022979538214778546,0.042034717000692605,0.0010922831171989672,0.0010617079815919434,0.0009511972982331227,0.931880556387505,Wheeling,Wheeling
84,0.022549662099167454,0.028712651605512056,0.0009159071208335118,0.001152779107352414,0.0009788619171081643,0.9456901381500267,Wheeling,Wheeling
85,0.016525423346462807,0.02564385734885253,0.0013967021554040226,0.0010287795631321965,0.0010683791897494151,0.9543368583963985,Wheeling,Wheeling
86,0.014639040041861789,0.13695571063130077,0.0013804259523917148,0.001191679759032551,0.0008957857066088596,0.8449373579088045,Wheeling,Wheeling
87,0.03560390091411912,0.09243036363540018,0.001910754932932634,0.0018940612936918155,0.0017672741840398375,0.8663936450398168,Wheeling,Wheeling
88,0.031845466082673586,0.10381077614328597,0.0017851403788619643,0.0020830877316041223,0.001792399888256457,0.8586831297753174,Wheeling,Wheeling
89,0.027121005400679184,0.11403836904559711,0.004072848267079584,0.004331292267808796,0.0031928468150162355,0.847243638203819,Wheeling,Wheeling
90,0.026166303285479087,0.03335726903065164,0.0025302172543314435,0.0023221655009145335,0.0024526868017370595,0.9331713581268863,Wheeling,Wheeling
91,0.014715870742222541,0.05176769401242459,0.004957088088583766,0.003101199099334513,0.002791836390539538,0.9226663116668953,Wheeling,Wheeling
92,0.06755848660365923,0.023941684874275206,0.0030899568770244848,0.0029549762499375305,0.0036915834606830776,0.8987633119344202,Wheeling,Wheeling
93,0.039697944401652356,0.017178417558657788,0.0016879034654689426,0.001124296762059633,0.0016876492723811444,0.93862378853978,Wheeling,Wheeling
94,0.053042104320877546,0.40570574954427824,0.0027497443956926233,0.0024961591672855465,0.002313322076078502,0.5336929204957873,Wheeling,Wheeling
95,0.02807132136530352,0.35382680039343883,0.001599837988024125,0.0007916476071147747,0.0008253311989060844,0.6148850614472126,Wheeling,Wheeling
96,0.04589591835663527,0.6217567582939331,0.0022894101817159482,0.0015318830832503811,0.0014712514684395188,0.3270547786160255,Sitting,Wheeling
97,0.022510436809377084,0.008871802048477848,0.0008364358447937166,0.000991808187080298,0.0009378233212469709,0.9658516937890239,Wheeling,Wheeling
98,0.022298685263525714,0.1529577760141398,0.0016507625226171926,0.002715001767850841,0.0011701895913094078,0.8192075848405571,Wheeling,Wheeling
99,0.037164124262892985,0.3414903419967546,0.001474888171698555,0.002625854739050495,0.0013245242627348745,0.6159202665668688,Wheeling,Wheeling
100,0.04999224518127309,0.11320240624779296,0.002230936633668033,0.0036185080363257487,0.0023931214902557364,0.8285627824106844,Wheeling,Wheeling
101,0.20614191689128766,0.06815997198379405,0.03905783840468909,0.0099629188132752,0.049636751390312574,0.6270406025166415,Wheeling,Wheeling
102,0.0486077870171186,0.06130611189249275,0.014611335644683185,0.031084012343297038,0.02095074058957399,0.8234400125128343,Wheeling,Wheeling
103,0.08617710781258368,0.22419666435082758,0.024281576893616815,0.0632377374830019,0.030449979701010696,0.5716569337589589,Wheeling,Wheeling
104,0.12503907667504752,0.1833519117608061,0.03649261660441008,0.0987975874591327,0.06208148970067651,0.4942373177999274,Wheeling,Wheeling
105,0.17746477506402478,0.18382054262561465,0.04341506052243857,0.13706228438391263,0.07353263206612468,0.3847047053378847,Wheeling,Wheeling
106,0.11714719631467709,0.1731509526049091,0.05015889240267546,0.13014882602776526,0.05005771678855574,0.4793364158614173,Wheeling,Wheeling
107,0.15445303545945074,0.14705512260794706,0.07515231923951497,0.14968397877991102,0.10386699183816826,0.3697885520750077,Wheeling,Wheeling
108,0.17540851543729524,0.11703303073535774,0.05114724135567535,0.12549569777174943,0.12363925034708464,0.40727626435283726,Wheeling,Wheeling
109,0.1555054945493226,0.07471317407157539,0.03850618440979276,0.04554329122565799,0.07107960296590285,0.614652252777748,Wheeling,Wheeling
110,0.007529096292203433,0.0018571231380435356,0.057166307255230336,0.06334607662139252,0.8670857654268819,0.0030156312662484217,Walking,Walking
111,0.010473006975099905,0.0018129067719846461,0.6261674210666365,0.013846727650173061,0.3464403274373098,0.0012596100987963942,StairClimbing,Walking
112,0.10713214348821001,0.0045859513399830855,0.4522092561582792,0.020267679637695987,0.413740729344656,0.0020642400311755437,StairClimbing,Walking
113,0.0038116892971628616,0.0008038337128603767,0.2326236495568912,0.0010107677871533014,0.7598561327396154,0.0018939269063168343,Walking,Walking
114,0.06505872301607157,0.004370982971773038,0.29070502212601484,0.009367662521597769,0.6280300833742527,0.0024675259902900157,Walking,Walking
115,0.00562141448078094,0.0008521267818659342,0.1425707897936321,0.0008383671088449708,0.8485509997510657,0.0015663020838104233,Walking,Walking
116,0.055119573252108804,0.0048595441244606965,0.30977501286915915,0.01381226936860298,0.6132468611819487,0.003186739203719284,Walking,Walking
117,0.003832191908104214,0.0010471763934907698,0.0732820686110656,0.0010750011051993747,0.9179541347211994,0.0028094272609404895,Walking,Walking
118,0.07580038945240379,0.003777503105824554,0.2816339876786924,0.010246316216420349,0.626333539120507,0.0022082644261518683,Walking,Walking
119,0.0031089789882853404,0.000899905856411813,0.07717665836211157,0.0006925537734241595,0.9160704156391317,0.002051487380635698,Walking,Walking
120,0.04234520924971528,0.003374761492727891,0.2181021752664923,0.005008945351806663,0.7292831091331783,0.0018857995060795974,Walking,Walking
121,0.0023709790593176,0.0008731976885166143,0.04190556746745921,0.0006024745812858181,0.9515964373635055,0.0026513438399151015,Walking,Walking
122,0.04768520539916243,0.00453651592234821,0.18494483088704375,0.006725272893905329,0.753191884623789,0.0029162902737513816,Walking,Walking
123,0.0015150866711597798,0.000978302727646619,0.016815793207684067,0.0008448989131356543,0.9752938605101299,0.004552057970244246,Walking,Walking
124,0.06608180408168611,0.00424620921271591,0.1981773078487939,0.00686763718242718,0.7217676900833249,0.0028593515910520597,Walking,Walking
125,0.0026466092986350766,0.0008203079104926067,0.08332371788122495,0.0006431184252778971,0.9105249706982091,0.002041275786160307,Walking,Walking
126,0.08760307622133154,0.00558474146170747,0.19037037548191754,0.010672410305864277,0.7027351424468883,0.0030342540822912724,Walking,Walking
127,0.0039086008338301125,0.0015751979771016994,0.0661602900285582,0.005184060625131825,0.9153160772228445,0.007855773312533964,Walking,Walking
128,0.03389491439584825,0.0038167461523891514,0.16456542047134046,0.0063433339992757755,0.7887893369872577,0.0025902479938885495,Walking,Walking
129,0.005446113082037494,0.0006043052786141661,0.09756351474673947,0.0006312133972370688,0.8947941161463554,0.0009607373490163505,Walking,Walking
130,0.0390401000503182,0.0035263594602377856,0.22337144650693236,0.005980897716541574,0.7258810912496447,0.0022001050163254097,Walking,Walking
131,0.004230555285381189,0.0007960960130801655,0.05208259449837262,0.0006585391300711698,0.9403111740779112,0.0019210409951840764,Walking,Walking
132,0.07951696496643777,0.00530901847169791,0.12746745415790087,0.007603981933049448,0.7766349713424792,0.0034676091284351214,Walking,Walking
133,0.0027124243059055615,0.0011015330010575133,0.045836039405691184,0.0009125496768463839,0.9449585393233961,0.004478914287103095,Walking,Walking
134,0.022695871275292902,0.0038489063997423907,0.4285206412740551,0.004549736313940045,0.536010353162331,0.004374491574638432,Walking,Walking
135,0.00859197880327772,0.0022961237736325753,0.4663560501033592,0.0167798441361531,0.5025741327540879,0.0034018704294895377,StairClimbing,Walking
136,0.01123423696374465,0.0051755952344074525,0.25714756140564876,0.06503837517566706,0.6453538918995706,0.016050339320961244,Walking,Walking
137,0.03744329766897457,0.004345322170468071,0.2650752430255032,0.009137169456265876,0.6802078938711977,0.003791073807590576,Walking,Walking
138,0.006286848454056602,0.0007669275711846522,0.10643611836837649,0.0009560305148232077,0.8846390265569063,0.0009150485346525418,Walking,Walking
139,0.0015032261101464908,0.0014640825739559826,0.06615364958308856,0.007235603438891922,0.9196574224776451,0.003986015816271908,Walking,Walking
140,0.05275995440739816,0.004349980056123406,0.21903875545684764,0.016846803546199572,0.7037130198293302,0.0032914867041006,Walking,Walking
141,0.0017800675441427968,0.0007345361537013234,0.0365711087170584,0.000489608012712027,0.9578579142127589,0.002566765359626701,Walking,Walking
142,0.04088749142333624,0.004573011516563146,0.11281418829263765,0.00587100418191273,0.8319568390238842,0.0038974655616661603,Walking,Walking
143,0.004641685358597743,0.0007989729346424548,0.02044002818684491,0.0005997853398078204,0.9713407531404803,0.002178775039626894,Walking,Walking
144,0.029013252775490942,0.0033500109089185963,0.10445725071863009,0.003952363672164007,0.8559429227906037,0.0032841991341926906,Walking,Walking
145,0.0028819604021678115,0.0004410723174878831,0.11805745927042975,0.00036648248625512206,0.8775019824013791,0.0007510431222802521,Walking,Walking
146,0.03437289970749483,0.004187572271983503,0.11715270522500687,0.005646764957432268,0.8346985084707167,0.003941549367366022,Walking,Walking
147,0.004876181484495883,0.0006312390358000366,0.06879144632898278,0.0006426374939662907,0.9239246934062291,0.0011338022505258537,Walking,Walking
148,0.03783514975928642,0.0023046931447852515,0.09176550956099505,0.004214354630482547,0.8616763991755712,0.0022038937288795584,Walking,Walking
149,0.0016156691970135317,0.0005450898274066392,0.0967433345826504,0.00033317521625764537,0.8995555476618587,0.0012071835148132792,Walking,Walking
150,0.04015199108018876,0.0018066572323086306,0.11636266647516165,0.0030564290992120633,0.8365091358714738,0.0021131202416549318,Walking,Walking
151,0.003970339042470884,0.000720524605243133,0.11232133646728457,0.0007422354783210824,0.8800282715378581,0.0022172928688223375,Walking,Walking
152,0.020910363718612608,0.0014537955656549484,0.06918344403956243,0.0019507933239970275,0.9048201585612011,0.0016814447909719076,Walking,Walking
153,0.005095498080300106,0.0008151572032190109,0.1468314806579506,0.0007388521085845636,0.8454014890410259,0.0011175229089199353,Walking,Walking
154,0.026130989674340112,0.039068490378636016,0.0037481200426831333,0.01574725452492358,0.002385485104031796,0.9129196602753854,Wheeling,Sitting
155,0.10016469772950835,0.5666180919655062,0.01824870468920531,0.03351120402552553,0.019725018569711414,0.2617322830205433,Wheeling,Sitting
156,0.07835763215571576,0.40454799211669756,0.01669079074562729,0.03216855825247554,0.014310538844552302,0.4539244878849319,Wheeling,Sitting
157,0.16626759882529632,0.544356805800139,0.009719645939354643,0.022842591449083304,0.00897254826146053,0.24784080972466632,Wheeling,Sitting
158,0.2058615668831746,0.5713599467674607,0.009228025687739758,0.02750544533959214,0.01648932488266433,0.16955569043936855,Wheeling,Sitting
159,0.05728332324698601,0.09777799284619598,0.005835421768098521,0.02352025013951243,0.004059157846319446,0.8115238541528873,Wheeling,Sitting
160,0.06413988219238631,0.2390358250815511,0.010013334507711186,0.02688064054887285,0.008757482850524271,0.6511728348189543,Wheeling,Sitting
161,0.11096636846305825,0.4723963623718987,0.011543182318657112,0.030392834887478973,0.01555582388352455,0.35914542807538247,Wheeling,Sitting
162,0.04314588899445611,0.1033908206745414,0.005911123846787142,0.02187151490431372,0.004129610223749229,0.8215510413561529,Wheeling,Sitting
163,0.11144059460942311,0.407750181581783,0.037703630878610964,0.05819690495348015,0.05096141015785932,0.33394727781884354,Wheeling,Sitting
164,0.11144059460942311,0.407750181581783,0.037703630878610964,0.05819690495348015,0.05096141015785932,0.33394727781884354,Wheeling,Sitting
165,0.11144059460942311,0.407750181581783,0.037703630878610964,0.05819690495348015,0.05096141015785932,0.33394727781884354,Wheeling,Sitting
166,0.11144059460942311,0.407750181581783,0.037703630878610964,0.05819690495348015,0.05096141015785932,0.33394727781884354,Wheeling,Sitting
167,0.11144059460942311,0.407750181581783,0.037703630878610964,0.05819690495348015,0.05096141015785932,0.33394727781884354,Wheeling,Sitting
168,0.11144059460942311,0.407750181581783,0.037703630878610964,0.05819690495348015,0.05096141015785932,0.33394727781884354,Wheeling,Sitting
169,0.11144059460942311,0.407750181581783,0.037703630878610964,0.05819690495348015,0.05096141015785932,0.33394727781884354,Wheeling,Sitting
170,0.11144059460942311,0.407750181581783,0.037703630878610964,0.05819690495348015,0.05096141015785932,0.33394727781884354,Wheeling,Sitting
171,0.037286011467435244,0.012999740329768033,0.0013369410794958302,0.0013551025350011987,0.0019374896386774173,0.9450847149496223,Wheeling,Wheeling
172,0.008842568488510942,0.0018222094250600683,0.0007381404051519614,0.0004267181395245226,0.0009131549225373451,0.9872572086192151,Wheeling,Wheeling
173,0.03927328480625862,0.020914172785922707,0.0027699351741450086,0.0015258357555962144,0.002925864251700114,0.9325909072263774,Wheeling,Wheeling
174,0.04237551868272298,0.01726839871493523,0.0023561980675752096,0.0021618555724678876,0.0022958677874911006,0.9335421611748077,Wheeling,Wheeling
175,0.037421987647272566,0.01631290683409623,0.0021079737024128197,0.0020405317106152,0.002670733503718742,0.9394458666018842,Wheeling,Wheeling
176,0.030035870015651327,0.01763125728000548,0.0035067908569239785,0.0021722803485103906,0.0029804669709782104,0.9436733345279308,Wheeling,Wheeling
177,0.03551369657674809,0.008564889465478802,0.0019205942591213605,0.001709273568290958,0.0023885819318999603,0.9499029641984607,Wheeling,Wheeling
178,0.03646314816110198,0.01836077337355497,0.0025658890865150707,0.0029153164176875285,0.0030244072146801844,0.9366704657464604,Wheeling,Wheeling
179,0.04519405699141976,0.0293683427326409,0.0018357454069018253,0.0026188763515754953,0.003393609467378212,0.9175893690500836,Wheeling,Wheeling
180,0.04197433449388073,0.15640573821824974,0.0034131090428267084,0.0021792825860509186,0.002983838509952788,0.793043697149039,Wheeling,Wheeling
181,0.03628470006646746,0.029392671630648855,0.0018768092142676142,0.0024878649932844206,0.00192495052472026,0.9280330035706114,Wheeling,Wheeling
182,0.03533712093677069,0.010238209538271727,0.003162624410755037,0.0026914149609761112,0.003570221483663362,0.9450004086695631,Wheeling,Wheeling
183,0.022863009392448803,0.006350087207493737,0.0016505197435536913,0.0024490311340572327,0.003704026299028136,0.9629833262234189,Wheeling,Wheeling
184,0.01358821965672295,0.003964954827767633,0.0011338094351485066,0.0018788652139606907,0.002167041052267716,0.9772671098141327,Wheeling,Wheeling
185,0.042070388955424975,0.024736434985795693,0.005231552220880514,0.0029513880528460818,0.010345675313055561,0.9146645604719972,Wheeling,Wheeling
186,0.027099201519987983,0.020390389070108095,0.003932398712624703,0.0024452519094819002,0.0025052947612206446,0.9436274640265766,Wheeling,Wheeling
187,0.05855611298218983,0.03258898411118197,0.005684031044545319,0.005597472360378019,0.01723298503353702,0.8803404144681679,Wheeling,Wheeling
188,0.03612085374520048,0.08324246893540539,0.004100412854539222,0.004340772315350968,0.004529258263731516,0.867666233885772,Wheeling,Wheeling
189,0.04856607979997318,0.029787118074952646,0.003981417456486033,0.003996118969189133,0.007561208288077286,0.9061080574113214,Wheeling,Wheeling
190,0.0524195753108196,0.030670452907884713,0.0033985670298263154,0.004092187366636821,0.0028311415564994395,0.9065880758283331,Wheeling,Wheeling
191,0.06198859808560151,0.11653476961752848,0.0040262979522552944,0.0030867415415635324,0.0033413379901921533,0.8110222548128591,Wheeling,Wheeling
192,0.06801089914803243,0.183388877239343,0.019266552151261912,0.008733494200636002,0.011036944191289672,0.7095632330694374,Wheeling,Wheeling
193,0.0427348686182963,0.12627815901946068,0.011316632389785532,0.007751755978621197,0.005041031626564548,0.8068775523672715,Wheeling,Wheeling
194,0.05616501914026396,0.11615351277605486,0.00883642046772916,0.009054059547612129,0.004754871430939248,0.8050361166374003,Wheeling,Wheeling
195,0.05129012684411166,0.15360871357408426,0.00944234558798257,0.008412299688181073,0.005828958695850178,0.7714175556097904,Wheeling,Wheeling
196,0.02296142563809766,0.05344281074565157,0.004538719969809584,0.0044733703131657546,0.0029757877874265998,0.911607885545849,Wheeling,Wheeling
197,0.054045568773548276,0.1483206382460766,0.002734727680285926,0.007673709967115733,0.004160180270446065,0.7830651750625275,Wheeling,Wheeling
198,0.024021898781231326,0.022604862078384132,0.0010568339543879832,0.0028466673418215366,0.0016097806335589816,0.9478599572106161,Wheeling,Wheeling
199,0.07172877859556898,0.03675490808150164,0.0025579465735411015,0.0062376989542729105,0.004425883037286074,0.8782947847578293,Wheeling,Wheeling
200,0.027435868655316286,0.025962574097029966,0.007808007862910513,0.002729990266040045,0.0036254045569921113,0.9324381545617109,Wheeling,Wheeling
201,0.1728766750243556,0.10554388481039546,0.0603606983674237,0.04375003648021498,0.09675618963889675,0.5207125156787134,Wheeling,Wheeling
202,0.9755660825292439,0.02249627496693419,0.00032620012239244716,0.00021513797364626846,0.0003469497457105267,0.0010493546620724873,Lying,Lying
203,0.9524154242862034,0.041116477752588323,0.0010394722185123164,0.0007171335529387521,0.0011695617891041687,0.0035419304006528577,Lying,Lying
204,0.9811601333919261,0.017600055161911692,0.00020158026440612254,0.0001508093377821109,0.00021697486708505373,0.0006704469768891894,Lying,Lying
205,0.9415469058540256,0.04766207647767635,0.0009549408932099057,0.0008225579353479526,0.001085948553305879,0.007927570286434302,Lying,Lying
206,0.8645755553190614,0.13346076656616435,5.4346823875936824e-05,0.0006333991993888132,0.0001479399155257797,0.001127992175983959,Lying,Lying
207,0.8664681927477234,0.13205952935735532,0.0001368878115504292,0.0006445066406585793,0.0003335742687997216,0.00035730917391228663,Lying,Lying
208,0.8579413196234505,0.13973663834092068,0.00014828340057317422,0.0006423275402051397,0.0002707957359134861,0.001260635358937231,Lying,Lying
209,0.8356775845377125,0.16228800318255968,0.0002603015644846837,0.0012436383197865356,0.0004595686252131624,7.09037702431344e-05,Lying,Lying
210,0.8575658543653368,0.13957442604652842,0.00015938210611770738,0.000681049023654478,0.00029812558195943853,0.0017211628764031222,Lying,Lying
211,0.8424538126040607,0.15552235583396773,0.00019906299778555853,0.0009098365007360314,0.0003615315230691045,0.0005534005403807224,Lying,Lying
212,0.8398255971310562,0.15796599148627974,0.00032377757651209926,0.0012056098276396151,0.0005775133457480721,0.00010151063276427804,Lying,Lying
213,0.8449743456602529,0.15312010419200267,0.0001617913232669609,0.0007930647094059863,0.00031403010899477146,0.000636664006076706,Lying,Lying
214,0.8379908395630098,0.15956883024294014,0.00040228439122498794,0.001369682154848544,0.0006556934735126212,1.2670174463960166e-05,Lying,Lying
215,0.8522875629438307,0.14619815679671028,0.0002465347396191759,0.0007510613951220448,0.00043931198451445266,7.737214020347458e-05,Lying,Lying
216,0.8326211087713756,0.16510400317447566,0.00038450123948768065,0.0013091503727505605,0.0005705563519565619,1.0680089953882955e-05,Lying,Lying
217,0.842249428349332,0.15596098503805214,0.0002691385826376153,0.0009967410986070145,0.0004907499045766525,3.295702679451947e-05,Lying,Lying
218,0.8501248303821759,0.1478240922075553,0.000356851212120883,0.0010682334328284263,0.000611990873002959,1.4001892316826215e-05,Lying,Lying
219,0.8461374408345652,0.15226793354137266,0.00026301039027206054,0.0008217315975571893,0.0004763013906823744,3.35822455505414e-05,Lying,Lying
220,0.8482470313860642,0.15029728376716048,0.00019043731049591154,0.0007415462986909016,0.00034882511052376905,0.000174876127064721,Lying,Lying
221,0.880466688362067,0.1182949250249118,0.0002688106446099305,0.0005339569742344538,0.0003565951614342377,7.90238327425638e-05,Lying,Lying
222,0.0504567789970982,0.005632330014599835,0.2915523523587525,0.6134819916530729,0.03656679026799267,0.0023097567084835974,Standing,Standing
223,0.05823203908255516,0.005653910652001863,0.15211361345748764,0.7564927771497799,0.024968424458585124,0.0025392351995907284,Standing,Standing
224,0.06232122832933977,0.0068836521099337866,0.12172715320299488,0.7812747511737197,0.024639591642920417,0.0031536235410912815,Standing,Standing
225,0.13160208113751243,0.008758994647793724,0.08663786466516654,0.7289526672802416,0.039043071149432944,0.005005321119852743,Standing,Standing
226,0.08844366863912753,0.014137262535784864,0.11299367158789579,0.638068904504276,0.13700925056503924,0.009347242167876638,Standing,Standing
227,0.08844366863912753,0.014137262535784864,0.11299367158789579,0.638068904504276,0.13700925056503924,0.009347242167876638,Standing,Standing
228,0.08844366863912753,0.014137262535784864,0.11299367158789579,0.638068904504276,0.13700925056503924,0.009347242167876638,Standing,Standing
229,0.08844366863912753,0.014137262535784864,0.11299367158789579,0.638068904504276,0.13700925056503924,0.009347242167876638,Standing,Standing
230,0.08844366863912753,0.014137262535784864,0.11299367158789579,0.638068904504276,0.13700925056503924,0.009347242167876638,Standing,Standing
231,0.042706351839523975,0.007628709410541457,0.2846681164364281,0.5971964475964614,0.06271828647175787,0.005082088245287093,Standing,Standing
232,0.040770284520890696,0.0038664094957393987,0.24286420828407848,0.15544366690878186,0.5546561125414003,0.002399318249109203,Walking,Standing
233,0.033244806159553775,0.006737909925672353,0.20444342524591808,0.6647468135891779,0.08482882828325425,0.005998216796423707,Standing,Standing
234,0.06441544113180923,0.010272952612105816,0.04702115468332332,0.7198045802797013,0.14829501533799583,0.010190855955064065,Standing,Standing
235,0.08020355631575282,0.014870595072209,0.16853361186899385,0.4575240026369713,0.26187370254659265,0.01699453155948052,Standing,Standing
236,0.04977454850258368,0.0025543719575504505,0.7738080643409696,0.009585766107835068,0.16340195071523142,0.0008752983758297637,StairClimbing,Walking
237,0.0387694350117953,0.0020807293314431883,0.7063375743939851,0.011500800651047142,0.24037430272787233,0.0009371578838570777,StairClimbing,Walking
238,0.0025390740260276268,0.0010218460081034893,0.48857183632609547,0.007860852213483262,0.4947616073661531,0.005244784060136908,Walking,Walking
239,0.009179565661021948,0.0018211884639754306,0.045678500939303035,0.0021905483499445716,0.9392477709002117,0.0018824256855427992,Walking,Walking
240,0.004189936855004005,0.0006178786039802794,0.1627739479136322,0.0006302723719244209,0.8309466128453343,0.0008413514101246226,Walking,Walking
241,0.009317710436255264,0.0026619990568634727,0.08193529773882928,0.004422572449083716,0.8989422565386024,0.00272016378036614,Walking,Walking
242,0.022470053475153667,0.0010833013837234558,0.11933526305761531,0.0022135781935721504,0.8540319455243848,0.0008658583655504422,Walking,Walking
243,0.005546166857000301,0.0010413434681254942,0.028579416778365417,0.0007229202524741317,0.9617272567913215,0.002382895852713206,Walking,Walking
244,0.05475328014605506,0.0030090015662477933,0.10564428339642606,0.006908622834703376,0.8271081118160487,0.0025767002405188816,Walking,Walking
245,0.00313351334094037,0.0005571245725665792,0.023053818861240957,0.0003898361119555113,0.972110907978731,0.0007547991345653015,Walking,Walking
246,0.11260768167355657,0.004265506212699964,0.2712604468818895,0.012183383677557984,0.5975634544428822,0.002119527111414543,Walking,Walking
247,0.0027550046288735705,0.0008536019482928096,0.03135381268176568,0.000582917346721985,0.9622171645262094,0.0022374988681367262,Walking,Walking
248,0.04893354319813817,0.0030068139563201204,0.0722066531412349,0.005356282680767972,0.8684499832421962,0.002046723781342233,Walking,Walking
249,0.004684175689007204,0.0009485774042267528,0.034482447763796976,0.000684207072047881,0.9574036069392593,0.0017969851316621658,Walking,Walking
250,0.02454881801288998,0.001044606947319922,0.10279825075467404,0.0017352022028955193,0.869025602510685,0.0008475195715353482,Walking,Walking
251,0.006365369567068441,0.001045524090125009,0.039548322142887504,0.0007890268597294674,0.9498009754427282,0.0024507818974613626,Walking,Walking
252,0.028416508903654783,0.0014181956020050306,0.23476790415781285,0.0029585488440427433,0.7315157483039421,0.0009230941885427028,Walking,Walking
253,0.004312893451259347,0.0005908122848379841,0.05422759755496532,0.0005366987845473013,0.9393559334420214,0.000976064482368626,Walking,Walking
254,0.03392069477838729,0.003087834701087509,0.20251694608979928,0.010116039619830727,0.7476733817944424,0.0026851030164526933,Walking,Walking
255,0.005414271196638416,0.002100830182122059,0.14792233435512006,0.0117421385149624,0.8294111665017162,0.0034092592494408,Walking,Walking
256,0.015122548001792878,0.002224656137372457,0.07451718990652474,0.003969169176213243,0.9017169765767666,0.0024494602013300504,Walking,Walking
257,0.009027475296548607,0.0010853686823301025,0.9300228621043896,0.005129560822937128,0.053438605481330136,0.0012961276124642928,StairClimbing,Walking
258,0.0024073730617041825,0.000917913315527403,0.1345354524274542,0.0015939079819322654,0.8581410148269325,0.002404338386449519,Walking,Walking
259,0.03735881105100481,0.002857050927160234,0.365207331112307,0.0035319929566205496,0.5891649703934572,0.0018798435594505388,Walking,Walking
260,0.0022068363984003862,0.0004996498820169399,0.06801720924646054,0.0002978354938584921,0.9282756542359492,0.00070281474331469,Walking,Walking
261,0.04097805603057078,0.003775485804936578,0.0708134230579297,0.006004047587757534,0.8758137487695836,0.002615238749221551,Walking,Walking
262,0.001368279286335378,0.0005803644797995117,0.06240071836570971,0.0003105731900499859,0.9340355835044643,0.0013044811736409685,Walking,Walking
263,0.03549669877181232,0.0036287398306529355,0.07880527314998262,0.0060092978317754404,0.8733167829443877,0.0027432074713886726,Walking,Walking
264,0.002041663305408704,0.0005393208649282958,0.0859985764904587,0.00032627581122019925,0.9100844377689109,0.001009725759073095,Walking,Walking
265,0.0226382782396957,0.002071611314322248,0.08019101523647747,0.0027607316956591646,0.8906688360928322,0.0016695274210134473,Walking,Walking
266,0.00280546312879475,0.0011251171267393255,0.06531919512026972,0.0005894868531886251,0.9276164372096105,0.002544300561397199,Walking,Walking
267,0.014738952093967955,0.0016299276779468497,0.2225403236645652,0.001700464979607491,0.757825422436957,0.0015649091469552825,Walking,Walking
268,0.0031621719557966502,0.0009367668012467306,0.11158868380971496,0.0011884500067744182,0.8807901680481609,0.0023337593783061606,Walking,Walking
269,0.018491331964222552,0.005926778164230311,0.1839724253171103,0.08041720673326529,0.7004651830391958,0.010727074781975559,Walking,Walking
270,0.02810779726112927,0.007830762211230314,0.2808494340187706,0.11123373951271008,0.5571438534224732,0.014834413573686525,Walking,Walking
271,0.022892464817061253,0.011717008583385358,0.09852947442316977,0.33462732179612314,0.5036605682723221,0.02857316210793832,Standing,Standing
272,0.035069266699790276,0.013169322384319518,0.1132165314583724,0.5053797059920732,0.2980232516671573,0.035141921798287366,Standing,Standing
273,0.06736012894211708,0.017773007208149415,0.03921772434647941,0.7167646514047624,0.12596150701862552,0.032922981079866326,Standing,Standing
274,0.041947553496659934,0.0159442905526891,0.1484653353820455,0.607377232915913,0.1520087019103611,0.03425688574233125,Standing,Standing
275,0.060646699920622306,0.015234934300263929,0.07516052149105455,0.7234293521869339,0.10523187321551035,0.020296618885614823,Standing,Standing
276,0.036269166415942765,0.011373418787995306,0.13770817800694465,0.5234500027119723,0.2720388643632947,0.01916036971385013,Standing,Standing
277,0.09640358182955237,0.02040419569268358,0.033788651378505966,0.7537770213283241,0.07093753220778978,0.02468901756314404,Standing,Standing
