,0,1,2,3,4,5,modelStates,target
0,0.8842048103156304,0.03925873440218792,0.013088132718354089,0.011188081906647962,0.039392015580874,0.012868225076305237,Lying,Lying
1,0.7641770835803221,0.07487407354681301,0.013758140573369687,0.026804638069268406,0.016769268399537088,0.10361679583069021,Lying,Lying
2,0.788662522257426,0.06787177913139539,0.00936501884034317,0.02344282190123212,0.012367697630633358,0.09829016023896944,Lying,Lying
3,0.7836664726468601,0.06839364929050393,0.011331559624283309,0.0267665906611666,0.012952996630008052,0.09688873114717785,Lying,Lying
4,0.7747221272211637,0.0705765756135269,0.014524952950777542,0.027047246156075882,0.014959103873614025,0.098169994184842,Lying,Lying
5,0.7772301005640507,0.06870126975283262,0.013088476290497848,0.02759570189879933,0.01408835343878914,0.09929609805503008,Lying,Lying
6,0.7772301005640507,0.06870126975283262,0.013088476290497848,0.02759570189879933,0.01408835343878914,0.09929609805503008,Lying,Lying
7,0.7772301005640507,0.06870126975283262,0.013088476290497848,0.02759570189879933,0.01408835343878914,0.09929609805503008,Lying,Lying
8,0.7772301005640507,0.06870126975283262,0.013088476290497848,0.02759570189879933,0.01408835343878914,0.09929609805503008,Lying,Lying
9,0.8625336099091501,0.025766358520787,0.0371845718776432,0.011406103933844086,0.034722090374035605,0.028387265384540335,Lying,Lying
10,0.9332528859318876,0.004018247370244858,0.0235347190115157,0.005425475097823905,0.02710249010347256,0.0066661824850554685,Lying,Lying
11,0.9766536190901637,0.006531785382097033,0.0016242546722932886,0.00156113798696677,0.005169986784472052,0.008459216084007078,Lying,Lying
12,0.974313852778305,0.003691110885160654,0.004158800136313917,0.003775326481560932,0.002897782555546482,0.011163127163113148,Lying,Lying
13,0.9755236477181439,0.0037830594946469238,0.004095063208873796,0.003779134948633213,0.002642831493243926,0.010176263136458252,Lying,Lying
14,0.9764160544366165,0.0031597461341909307,0.004017705738359261,0.0034779415885267473,0.0028089312543058327,0.010119620848000369,Lying,Lying
15,0.9766080474619281,0.0029273604621198627,0.004195698916538753,0.003759197630838448,0.002419844533595282,0.010089850994979334,Lying,Lying
16,0.9781937732030868,0.002601869003187274,0.004245872867671649,0.0034513964945109775,0.0025558594069180524,0.008951229024625189,Lying,Lying
17,0.9791530537441604,0.002429005361797113,0.004329591827775025,0.003231026432404999,0.003193863096619696,0.007663459537242628,Lying,Lying
18,0.9792827736800921,0.0024451572587955096,0.004214040698625974,0.0033503977254610044,0.0023227238024789367,0.008384906834546277,Lying,Lying
19,0.9775889335734778,0.002730685795341549,0.004928409786062764,0.0033977359134666593,0.002727207265611573,0.008627027666039937,Lying,Lying
20,0.9802537949759588,0.002278504298112675,0.004417342634566804,0.00334969999676347,0.002164260602040226,0.007536397492557814,Lying,Lying
21,0.9804248861185888,0.0024913851462101326,0.0041343116594180825,0.0028665795969394824,0.002947156595024786,0.007135680883818698,Lying,Lying
22,0.9801429320034518,0.00227558801945273,0.004442489952429668,0.003363489098954657,0.0023376264260866106,0.007437874499624504,Lying,Lying
23,0.979747466941871,0.0022715808468058343,0.00467654948503357,0.0034080905412054037,0.0026926015349584428,0.007203710650125711,Lying,Lying
24,0.9831881771351784,0.0026213345167658956,0.002736622986062094,0.002643069310411428,0.0017653946320634623,0.0070454014195189,Lying,Lying
25,0.9776194732636168,0.0024415185334060794,0.004886288678599473,0.003632637440934671,0.0027933294358747952,0.008626752647567735,Lying,Lying
26,0.9776194732636168,0.0024415185334060794,0.004886288678599473,0.003632637440934671,0.0027933294358747952,0.008626752647567735,Lying,Lying
27,0.9776194732636168,0.0024415185334060794,0.004886288678599473,0.003632637440934671,0.0027933294358747952,0.008626752647567735,Lying,Lying
28,0.9776194732636168,0.0024415185334060794,0.004886288678599473,0.003632637440934671,0.0027933294358747952,0.008626752647567735,Lying,Lying
29,0.9810379525721517,0.0022084355033611235,0.00424459724081627,0.003147246819494001,0.0024895706665633848,0.006872197197613572,Lying,Lying
30,0.9804805487211808,0.0023283108912580306,0.004329373910201536,0.003102921234891966,0.0025656390423818205,0.007193206200085762,Lying,Lying
31,0.9440304887820018,0.004832859955129978,0.018689790450555833,0.004446346828641258,0.022720546513603803,0.005279967470067702,Lying,Lying
32,0.0012241094605874433,0.3767779683611746,0.001213827440953707,0.004516787970830679,0.0010879064751333936,0.6151794002913202,Wheeling,Sitting
33,0.0010999718028114438,0.34815177377314677,0.0015635227779296987,0.0012620159851590177,0.0008197128917322294,0.6471030027692208,Wheeling,Sitting
34,0.0014795159322400816,0.5250156634633332,0.012826302060985067,0.005052039783322482,0.009054546669190509,0.44657193209092894,Sitting,Sitting
35,0.0016886702229319073,0.4973956212120588,0.025138333455972578,0.01663375859723119,0.02183855470651647,0.4373050618052891,Sitting,Sitting
36,0.0011319852596340715,0.3944618070179119,0.0061756696785991464,0.003022402501274252,0.006330331257188527,0.5888778042853919,Wheeling,Sitting
37,0.010112047855577247,0.18065901059945502,0.24181841963791234,0.18437275463711625,0.22902184191898434,0.1540159253509549,StairClimbing,Sitting
38,0.0020283499966453613,0.0011648952326942805,0.0015305412299692744,0.968335704211648,0.02621216700676012,0.0007283423222829433,Standing,Sitting
39,0.003822247275854037,0.43950851973349303,0.0915770687757204,0.06233825896719822,0.03164193913044689,0.37111196611728736,Sitting,Sitting
40,0.001293904129345882,0.3158962410935065,0.00171421640754093,0.005009409204572603,0.0010125658558407613,0.6750736633091932,Wheeling,Sitting
41,0.0012465412231768282,0.27496851175783116,0.004773511470866419,0.02943152206675479,0.002473478288931071,0.687106435192439,Wheeling,Sitting
42,0.0010972057627334187,0.2703216610221601,0.0032701161946993487,0.020556146553100004,0.0019978854695699637,0.7027569849977372,Wheeling,Sitting
43,0.003310887735786638,0.8761509813858464,0.018629696942064337,0.07664834065508902,0.0025813577010843896,0.02267873558012965,Sitting,Sitting
44,0.0011509145937315837,0.2598903796268281,0.004059286382371201,0.023189340402679132,0.000902010232527544,0.7108080687618628,Wheeling,Sitting
45,0.0015491658470344664,0.31793132995681533,0.012206720407494223,0.02330562524804137,0.005119944672352969,0.6398872138682616,Wheeling,Sitting
46,0.002494651971357462,0.19820597028677586,0.010442142373915247,0.03267284690643796,0.011363034848137192,0.7448213536133763,Wheeling,Sitting
47,0.002045227391472313,0.21238286868552927,0.0021563072456109835,0.010317274678651478,0.002515135683169938,0.7705831863155661,Wheeling,Sitting
48,0.002214905050457108,0.22923363689634182,0.0029449969262158853,0.01782982758399904,0.0020427383587169074,0.745733895184269,Wheeling,Sitting
49,0.002543177083040843,0.24684028616209167,0.005656506263297962,0.026291591627833462,0.0020681159995348778,0.7166003228642012,Wheeling,Sitting
50,0.002314291045725305,0.23821384080058824,0.005175670256532038,0.019198077822620136,0.003966251832615432,0.7311318682419189,Wheeling,Sitting
51,0.001993848154304797,0.3512755688652744,0.0077455969731156675,0.015502287280266603,0.005749103573077894,0.6177335951539608,Wheeling,Sitting
52,0.0114121967560542,0.327055788988734,0.07176905341652777,0.24927025637258826,0.09496228403205226,0.2455304204340435,Sitting,Sitting
53,0.0013023043599894692,0.04669537575848032,0.017134747300663854,0.802301735503534,0.004977269047191337,0.12758856803014115,Standing,Sitting
54,0.0014430218896750685,0.07377059203244483,0.0313720688459538,0.7064652177861058,0.019614472754933006,0.16733462669088706,Standing,Sitting
55,0.00607785718909928,0.25355121061802166,0.10808722601194928,0.2359470238680832,0.059489059236281644,0.33684762307656485,Sitting,Sitting
56,0.01969927440712228,0.9435226922756261,0.0036512029761021883,0.0037004049439511287,0.0017791571947083531,0.02764726820248984,Sitting,Sitting
57,0.003902279302972597,0.4751910754771254,0.01782273900299236,0.07760827343593671,0.008635891288966968,0.4168397414920058,Sitting,Sitting
58,0.0018191688849251316,0.1266302649374155,0.042095996332837914,0.47562457554170073,0.0396240175333987,0.31420597676972206,Standing,Sitting
59,0.006443385524612404,0.27421836120524545,0.06651362708453108,0.42104850492759355,0.021143471839911644,0.21063264941810603,Standing,Sitting
60,0.00584139836054717,0.24329187401826952,0.053180404312098535,0.45460914701250493,0.02732287904160941,0.2157542972549701,Standing,Sitting
61,0.0063473599545496905,0.30331077653880756,0.03006235476888325,0.4230925726560404,0.012544869720956425,0.22464206636076245,Sitting,Sitting
62,0.010271091712539718,0.3883231798316937,0.05883297028243802,0.22244487471908375,0.028832923150798405,0.2912949603034466,Sitting,Sitting
63,0.007494627721739459,0.3363139333506826,0.06800591681678228,0.030609657007589473,0.06424394748056317,0.49333191762264295,Wheeling,Sitting
64,0.012288114725204047,0.31642532266494977,0.17322378081557224,0.04910533277678989,0.15305799808590762,0.2958994509315769,Sitting,Sitting
65,0.003900662051132131,0.005114885475678875,0.40835691084349807,0.48344024491196824,0.09564339634402445,0.003543900373698006,Standing,Standing
66,0.0016315242453702394,0.00658589464367666,0.040728664201829565,0.892530039367085,0.0479161893879006,0.010607688154137986,Standing,Standing
67,0.0028441200188006745,0.03081384470459194,0.011483171476636005,0.9180614976754322,0.03144082745796147,0.005356538666577731,Standing,Standing
68,0.01953928572821705,0.3483799834593373,0.06837090021362302,0.3851429977210666,0.018775415643966658,0.1597914172337896,Sitting,Standing
69,0.002041236858068917,0.13500922082401942,0.014891405189610886,0.7027101205584099,0.010040615578058708,0.13530740099183225,Standing,Standing
70,0.003277772442869371,0.19437672931093425,0.014103203761774197,0.6356520650917595,0.01225281446301197,0.1403374149296511,Standing,Standing
71,0.0015024642792695689,0.10198946034542503,0.010159510048482747,0.7215973733596807,0.0031355929353156136,0.1616155990318267,Standing,Standing
72,0.0017898922462162065,0.13517211188814027,0.017564005900659856,0.6574987689332128,0.004864450181887365,0.18311077084988345,Standing,Standing
73,0.0016908258633109266,0.12147302409198542,0.012791216230032577,0.6502571895993822,0.007782370825542154,0.20600537338974673,Standing,Standing
74,0.0013859216356197819,0.0917900915782465,0.018176959102954797,0.6683425015574813,0.006009961106939888,0.21429456501875754,Standing,Standing
75,0.0013590621170230606,0.1508791734301451,0.018705561613301405,0.5160604367864275,0.011652145078658773,0.30134362097444456,Standing,Standing
76,0.00129460201216965,0.06786991975839847,0.01361771740724756,0.780696078788429,0.0056263436274404145,0.13089533840631526,Standing,Standing
77,0.0035652698269073965,0.983654392409365,0.0018665352795409426,0.008737763999603998,0.0001780236995482267,0.0019980147850342275,Sitting,Standing
78,0.0019494988127308362,0.009115169757511815,0.10195799919374965,0.7246792858375537,0.14660108541140768,0.015696960987046128,Standing,Standing
79,0.0025118310491859777,0.012034034398957458,0.13116690363568775,0.4169491315237653,0.4069724498180599,0.03036564957434375,Standing,Standing
80,0.0023773860624254455,0.08198738647314605,0.03096612201253932,0.7314641394691762,0.027900463527458355,0.12530450245525504,Standing,Standing
81,0.0028885247617408552,0.09804953907738823,0.025341649740784025,0.6930983787314161,0.02562263809416882,0.15499926959450208,Standing,Standing
82,0.002337604818946925,0.04788795707163016,0.016273365270898312,0.8139006753389348,0.007472583880363833,0.11212781361922593,Standing,Standing
83,0.0017478264334803797,0.041767914304821456,0.0107732295836018,0.8827506668358654,0.004396495918610312,0.058563866923620186,Standing,Standing
84,0.0016906613244543876,0.01370265833580025,0.011417279836969904,0.9479895320763893,0.006328384862071263,0.018871483564315172,Standing,Standing
85,0.002832460517470688,0.07690384651712497,0.015414269087202647,0.7465215043713268,0.00811516420142718,0.150212755305448,Standing,Standing
86,0.0025798191180567524,0.10079191173012962,0.031175327475962647,0.6980053451911633,0.022789338719868896,0.14465825776481853,Standing,Standing
87,0.0023887330084010282,0.02720398660032445,0.06836726290851694,0.7759862840172439,0.04327419189364628,0.08277954157186755,Standing,Standing
88,0.003010816820889824,0.06577426857766802,0.01336785783715882,0.7911046001219311,0.008929406783942773,0.11781304985840946,Standing,Standing
89,0.003374961597245017,0.10023573211208306,0.042311775392008755,0.6424769622130552,0.026969199730509485,0.18463136895509896,Standing,Standing
90,0.0021355643391997516,0.040078194067288145,0.015132078872273632,0.877885163286447,0.009861204772483959,0.05490779466230745,Standing,Standing
91,0.0017079859557501752,0.03699695750540913,0.013428735952044085,0.8905829017148464,0.006217744095945034,0.051065674776005106,Standing,Standing
92,0.0017621453166083625,0.01373887899899214,0.008198137267340755,0.9432024246207392,0.002536011732570227,0.030562402063748946,Standing,Standing
93,0.0015457572661251725,0.02363842060908801,0.025394667710735393,0.8998255061056806,0.014034503787445545,0.035561144520925465,Standing,Standing
94,0.0017445128465600518,0.04896015176775775,0.014286921698312114,0.8689783378847591,0.010393295327160096,0.055636780475450905,Standing,Standing
95,0.002421242935896769,0.05640122480652507,0.012393496949802784,0.8304331974946908,0.007332600686001184,0.09101823712708358,Standing,Standing
96,0.002455137367817419,0.06159699613314775,0.03286408674107979,0.7530529648026202,0.023239917287965105,0.12679089766736942,Standing,Standing
97,0.0023873574185472044,0.0649721956041252,0.013656153299568171,0.8139461920548748,0.015226492264925031,0.08981160935795945,Standing,Standing
98,0.002489227827098797,0.10014647435615387,0.025108541734463558,0.7429860677103841,0.030330257611945924,0.09893943075995369,Standing,Standing
99,0.018861688930760255,0.3970885536577339,0.13797461758601667,0.22167526465846468,0.05147207489985546,0.1729278002671693,Sitting,Standing
100,0.0021064675535045975,0.051470051530108335,0.014120172822638,0.8435566306965651,0.010602332238984364,0.07814434515819976,Standing,Standing
101,0.0018530251634657335,0.2811250901356917,0.019970168310475194,0.4542798025361623,0.018021133508284347,0.22475078034592091,Standing,Standing
102,0.0027695202429442096,0.2338899681087371,0.042871312181230026,0.5618319919530124,0.04664796495270693,0.11198924256136913,Standing,Standing
103,0.002146478828619927,0.26693993700221313,0.03163639552230292,0.5386167069970318,0.022871281009592088,0.1377892006402399,Standing,Standing
104,0.002171233930647089,0.19710924975417535,0.011428204821531894,0.7155291348918319,0.008585855900187879,0.06517632070162614,Standing,Standing
105,0.0022288673586896425,0.2700923913527893,0.028149031143495942,0.533861782814387,0.020252652400275382,0.14541527493036233,Standing,Standing
106,0.0043867464178970845,0.33459833161345415,0.050892453110065426,0.47033037153379004,0.04840482612320659,0.09138727120158649,Standing,Standing
107,0.0014996269520346453,0.12225846172903411,0.014190760942959655,0.8093316080345718,0.00763644196584575,0.045083100375554144,Standing,Standing
108,0.001799040534602907,0.016288594237462463,0.015408412815346294,0.903465842274983,0.03439068175264081,0.028647428384964622,Standing,Standing
109,0.003318788637587215,0.33929745121551874,0.06638679300128898,0.3246922619594482,0.04988003808539427,0.21642466710076266,Standing,Standing
110,0.005638578663110367,0.12997776329220342,0.13026550873766526,0.47361549133396474,0.07476022345864483,0.1857424345144111,Standing,Standing
111,0.0017155568594033079,0.02467636516984624,0.010141235665142733,0.9371351775023827,0.007464592343525662,0.018867072459699347,Standing,Standing
112,0.0023145997775831555,0.06532061840875829,0.07657565200165502,0.7000117522776014,0.0665510538623176,0.08922632367208401,Standing,Standing
113,0.0017983610907955517,0.017916238986677595,0.01299985606643897,0.9266397513993568,0.006688437455876009,0.03395735500085529,Standing,Standing
114,0.0021246623443570535,0.11783308091433739,0.051245332860445504,0.7035896144980185,0.06351585474087781,0.06169145464196373,Standing,Standing
115,0.003234000101303303,0.08816145382607633,0.09038338919161265,0.6073303150996319,0.066047933712854,0.14484290806852207,Standing,Standing
116,0.0018363048250716121,0.24954782568760375,0.024208290143486067,0.4569527991889713,0.012281804065470168,0.2551729760893969,Standing,Standing
117,0.0025637709958272266,0.16108888155848589,0.03725343242417346,0.5815980042166026,0.012722302244316879,0.20477360856059398,Standing,Standing
118,0.0024540225475923206,0.09867810462024955,0.02176518878909769,0.7974578430358285,0.02757009340436529,0.052074747602866386,Standing,Standing
119,0.0019674481246130773,0.04738563148289146,0.022347732121574586,0.8410197968906983,0.0129130260055349,0.07436636537468737,Standing,Standing
120,0.0017982023037799247,0.02449318480527021,0.018429769052624393,0.9078544832650403,0.03766628141264107,0.009758079160644199,Standing,Standing
121,0.024543876160172888,0.21221882777693438,0.05359760461813633,0.4429439618638094,0.20238683238431335,0.0643088971966334,Sitting,Standing
122,0.005397445164111438,0.1788589425499606,0.13205218958513437,0.4710622146959817,0.07438116419274883,0.13824804381206277,Standing,Standing
123,0.006906052095640054,0.26939782081182406,0.12278067212802124,0.3288517615735422,0.10079688110438338,0.17126681228658902,Sitting,Standing
124,0.0022333621132373882,0.24098412215095094,0.11007817213665608,0.42384091565720383,0.05985728807435701,0.16300613986759516,Standing,Standing
125,0.005971469623921875,0.0846444182787374,0.11007652629070233,0.7318167915329692,0.035030740865491725,0.03246005340817732,Standing,Standing
126,0.0023687041546493655,0.16006368978786256,0.0676868353339204,0.6743962677670534,0.040795024493931804,0.05468947846258265,Standing,Standing
127,0.002126514364659862,0.06838452901333614,0.029317512659097007,0.8257965294999443,0.040479782264146044,0.03389513219881681,Standing,Standing
128,0.0034493326566567965,0.17734827535845515,0.05702905735830026,0.6166451810430768,0.07217173698285542,0.07335641660065596,Standing,Standing
129,0.0018299328027516605,0.08036440391498449,0.01923846571184017,0.8531242934599561,0.018509708121255228,0.026933195989212257,Standing,Standing
130,0.001963855017806842,0.09987623982353414,0.019479874940352446,0.8221192553473178,0.021205041274822305,0.0353557335961665,Standing,Standing
131,0.0009281091959778792,0.0014012409190864415,0.00033859287356560253,0.9958516998794399,0.00017851869110855628,0.0013018384408217134,Standing,Standing
132,0.004471839716008566,0.14333842791207901,0.028335407761941933,0.6925468256015115,0.04995370662314397,0.08135379238531487,Standing,Standing
133,0.001809183918323794,0.13738065158406465,0.02392024741998898,0.7318000996879812,0.022213928115609866,0.0828758892740318,Standing,Standing
134,0.002421544831744328,0.13967094703639177,0.03323328568008138,0.7833858924903009,0.02002950936537623,0.021258820596105503,Standing,Standing
135,0.0028318984803903354,0.1676490003546351,0.041815732487250186,0.5966472741292307,0.07029897822500634,0.12075711632348733,Standing,Standing
136,0.002065059419668906,0.12680404438554524,0.043068011870749,0.739154432908331,0.03981065748129086,0.049097793934414866,Standing,Standing
137,0.0021074080694322736,0.11177981717785629,0.024911201113429593,0.7168476170359273,0.04154373331443068,0.10281022328892392,Standing,Standing
138,0.0046743367755262685,0.09907445450335396,0.04045921522647411,0.6949895442522704,0.10356445129319415,0.05723799794918074,Standing,Standing
139,0.001716692447878672,0.08895550928268499,0.008281241273964872,0.8542035493983658,0.010012802591971822,0.03683020500513413,Standing,Standing
140,0.003092059482443279,0.06205765770245484,0.023513713756148948,0.8629994899391112,0.040305648855671325,0.008031430264170573,Standing,Standing
141,0.00697766685427254,0.19567604886241205,0.24872670012392253,0.14967095763298768,0.3073892593186215,0.09155936720778327,StairClimbing,Standing
142,0.0029619352450954177,0.024238183375002685,0.7739414959218387,0.008914809894803177,0.1865684834763262,0.0033750920869341982,StairClimbing,Standing
143,0.0016547781198635808,0.2812935728280065,0.014318498263284907,0.0016484783993275809,0.0014170346407729856,0.6996676377487444,Wheeling,Wheeling
144,0.0017375715138853263,0.2995724932705216,0.022751257482207465,0.00224952094631664,0.001604724932156801,0.6720844318549122,Wheeling,Wheeling
145,0.0016646265722226764,0.2728161188842059,0.018741875314393842,0.001788827421124544,0.002106596665039434,0.7028819551430139,Wheeling,Wheeling
146,0.0018659415023442431,0.3012032874435062,0.0171228902312835,0.0013177221088242286,0.0028542745338794085,0.6756358841801623,Wheeling,Wheeling
147,0.0016145173421233771,0.25871321105362244,0.01603100220720516,0.0016340580669925954,0.002085396730504321,0.7199218145995522,Wheeling,Wheeling
148,0.0017522655075844582,0.27935364349075553,0.0194195638279685,0.003002610755176097,0.0016887468339933202,0.6947831695845224,Wheeling,Wheeling
149,0.0016603923007394218,0.25075221312489365,0.03194563024080736,0.001500504783057202,0.002284212191157059,0.7118570473593451,Wheeling,Wheeling
150,0.0017602461769649072,0.3125262635104591,0.017678931200294224,0.001977719661487505,0.001698925670290245,0.6643579137805039,Wheeling,Wheeling
151,0.0018598353633930572,0.34488461180837643,0.015441445404829893,0.0015922118984484062,0.0024116160067337526,0.6338102795182188,Wheeling,Wheeling
152,0.0017875827802807589,0.33420168943263423,0.020301140295670202,0.002452045963933263,0.0026773973024418656,0.6385801442250394,Wheeling,Wheeling
153,0.0018431103475665942,0.3449889018376315,0.0196133453981467,0.0019148763617414357,0.0013249466090381912,0.6303148194458754,Wheeling,Wheeling
154,0.0018152987603093321,0.2974432474576372,0.024815367579333253,0.007180632403568442,0.0014433240903425864,0.6673021297088095,Wheeling,Wheeling
155,0.0016137103046887577,0.27456970400761926,0.022026690052347597,0.002921191173375043,0.002024364177699975,0.6968443402842691,Wheeling,Wheeling
156,0.001840312129472281,0.35559691231300466,0.021466721808078442,0.003226659409979807,0.0010312731505803226,0.6168381211888845,Wheeling,Wheeling
157,0.0016333331315184262,0.3831548290142109,0.01828737639459398,0.0023607013171468754,0.0018298698630622376,0.5927338902794678,Wheeling,Wheeling
158,0.001711554008557897,0.2801011181530782,0.01790202968277619,0.001520931242410814,0.0015764696425642048,0.6971878972706129,Wheeling,Wheeling
159,0.0017499048045176077,0.33167382808740803,0.01225991643933754,0.0019555015875967175,0.0011794346809199058,0.6511814144002204,Wheeling,Wheeling
160,0.0017522039070365892,0.3561396147957567,0.0013908558238967478,0.0014909711024356947,0.0008712401675382951,0.6383551142033358,Wheeling,Wheeling
161,0.0017427201850170133,0.36223823952430595,0.0014132107398825186,0.001344906388383892,0.0014508216813158912,0.6318101014810948,Wheeling,Wheeling
162,0.0017277409771606815,0.3421869330992402,0.0023955777491680205,0.0023942777677000092,0.0034742597617718335,0.6478212106449592,Wheeling,Wheeling
163,0.0016069665043900382,0.37608334213560185,0.001495954667854349,0.0017198944048416923,0.0007777954144470652,0.6183160468728646,Wheeling,Wheeling
164,0.0016595250342719189,0.34219125920200083,0.0016535721838624319,0.0018633212426745146,0.001588835506694443,0.6510434868304961,Wheeling,Wheeling
165,0.0016870929052667629,0.34070129458461906,0.0015184194451973749,0.001633224725295358,0.001485397780432037,0.6529745705591896,Wheeling,Wheeling
166,0.0015249469690008107,0.3473827228795561,0.0023222377807456474,0.002187416606213237,0.0034422069955424815,0.6431404687689417,Wheeling,Wheeling
167,0.001721553016698538,0.37175330572004694,0.0015859092592679991,0.0025004456047858442,0.0009374600101939834,0.6215013263890065,Wheeling,Wheeling
168,0.0016616242494527922,0.3466385148398617,0.001838446377122852,0.0019523840677513624,0.0013084292126321515,0.6466006012531792,Wheeling,Wheeling
169,0.0017110233963813593,0.3520372861932772,0.0016878577163648054,0.0018323648354276133,0.0009468130826735715,0.6417846547758752,Wheeling,Wheeling
170,0.0017013368059122114,0.3444318352804713,0.0019211540340475274,0.0015280961289238838,0.0014354294071163435,0.648982148343529,Wheeling,Wheeling
171,0.0017558148825357644,0.34998249359359396,0.0023589135602238805,0.002040590184329251,0.002251634886432393,0.6416105528928845,Wheeling,Wheeling
172,0.0017128438211910443,0.3374207714577397,0.001942207011696401,0.0016607022261642807,0.0014531017456197405,0.6558103737375888,Wheeling,Wheeling
173,0.0013168840467683374,0.0003575101590255395,0.19532426521384635,0.00024200628812407927,0.8026812497107155,7.808458152020882e-05,Walking,Walking
174,0.0017945980306388388,0.0015202882609248536,0.2550929954305976,0.0012776882132272639,0.7398819797877809,0.0004324502768305215,Walking,Walking
175,0.0020783188824473778,0.009256005153276566,0.3050165616497712,0.015011696573435079,0.6605307021338547,0.008106715607215275,Walking,Walking
176,0.002052089360995607,0.009318227031596016,0.39980419401466344,0.03594932044647736,0.5370699355421509,0.015806233604116426,Walking,Walking
177,0.0011892633648530782,0.0002401701040919374,0.3323386050671928,0.0008738901722182534,0.6652665030173859,9.156827425808434e-05,Walking,Walking
178,0.0016558680177091336,0.000725868675176037,0.21023461045119357,0.0014929671396317298,0.7856043128359512,0.0002863728803385716,Walking,Walking
179,0.0019902719697894094,0.003532045119126245,0.22767287237135697,0.003688580773084948,0.7619472399385494,0.001168989828092516,Walking,Walking
180,0.0017384340356761591,0.0010245913014355764,0.19317505635974633,0.00067015179070135,0.8027201385019842,0.0006716280104563055,Walking,Walking
181,0.002163123897470869,0.0019199284797918846,0.20418982655171042,0.0019256213384702056,0.7891069449389596,0.0006945547935970447,Walking,Walking
182,0.0022917759025685575,0.001291451534886047,0.18936412458684257,0.0005917793297034572,0.8057444622223608,0.000716406423638667,Walking,Walking
183,0.0015441485069150416,0.0022931521221407464,0.21855825293694647,0.0016153808042536557,0.7741064946097378,0.0018825710200061831,Walking,Walking
184,0.0016396229059047313,0.00222753443820388,0.21279783567948937,0.003523874448116267,0.7786752628213732,0.0011358697069123076,Walking,Walking
185,0.002754032547327021,0.01119871572557233,0.39995458738104445,0.011479602777319001,0.5683905157131026,0.006222545855634902,Walking,Walking
186,0.0008669619005208098,0.00011510547760266128,0.14537403943231234,6.730260243202565e-05,0.8535583647970579,1.8225790074079286e-05,Walking,Walking
187,0.0027052914388510335,0.0018447880186155843,0.1981557865966304,0.0010733016493355266,0.7953557771760684,0.0008650551204991844,Walking,Walking
188,0.0018549238688033772,0.0021226510967053717,0.2643474864545178,0.0036673944078631053,0.7267804230096885,0.0012271211624219837,Walking,Walking
189,0.0018000222437495324,0.0014587164994732291,0.20185662238851274,0.00153394240332004,0.7927588855936285,0.0005918108713154977,Walking,Walking
190,0.0015510314745164353,0.0007565766146055402,0.2931156630728321,0.001246481985161047,0.7030222201617047,0.00030802669118082127,Walking,Walking
191,0.0020248165680318655,0.0013750819929083894,0.2624542624238304,0.0017097660557233065,0.731675143116978,0.0007609298425277251,Walking,Walking
192,0.0019778812296752375,0.0018732507504856115,0.213643325773623,0.003949902117924383,0.7775961051899205,0.0009595349383712819,Walking,Walking
193,0.0018909104625204696,0.004172042574750344,0.3473208142760696,0.008322685966398841,0.6351476313454975,0.003145915374763041,Walking,Walking
194,0.0023270628757073434,0.022635805103810115,0.1794888990972389,0.5008132205438427,0.286807415166151,0.007927597213250323,Standing,Walking
195,0.0019692424913467068,0.3729668424678734,0.005271980388865308,0.004825269898895686,0.015311365309258971,0.5996552994437598,Wheeling,Sitting
196,0.0016262852213874835,0.3194886116032716,0.0008200012359881932,0.001258500704562986,0.0005338944175975195,0.6762727068171921,Wheeling,Sitting
197,0.0014663844686018813,0.34382069621167904,0.0011924448069870611,0.0006534628476878716,0.001156958823622342,0.6517100528414219,Wheeling,Sitting
198,0.001592679651883226,0.3322122488939,0.0012355698601107877,0.0020552038580984614,0.0013675382676044954,0.661536759468403,Wheeling,Sitting
199,0.0015546735242066582,0.33029334821727235,0.0007512313318924816,0.0017136933125529304,0.0005075282253058449,0.6651795253887699,Wheeling,Sitting
200,0.0017215998452932903,0.1883764853572248,0.008506182331012486,0.010219770745641588,0.012809759646160936,0.7783662020746671,Wheeling,Sitting
201,0.002475662319772864,0.36506076203520504,0.003056096800158464,0.02136447452456015,0.00147436771187327,0.6065686366084302,Wheeling,Sitting
202,0.002475662319772864,0.36506076203520504,0.003056096800158464,0.02136447452456015,0.00147436771187327,0.6065686366084302,Wheeling,Sitting
203,0.002475662319772864,0.36506076203520504,0.003056096800158464,0.02136447452456015,0.00147436771187327,0.6065686366084302,Wheeling,Sitting
204,0.002475662319772864,0.36506076203520504,0.003056096800158464,0.02136447452456015,0.00147436771187327,0.6065686366084302,Wheeling,Sitting
205,0.0013074024544614282,0.112145033476604,0.0016121822907971203,0.00854869399536729,0.0005063574871164181,0.8758803302956536,Wheeling,Sitting
206,0.0013928826431176356,0.27387283251289646,0.0037244483363714966,0.015709350440974358,0.0006169266808880947,0.7046835593857519,Wheeling,Sitting
207,0.001793613549010304,0.37287870630057235,0.011937722488457161,0.016863408783472176,0.008065210301660658,0.5884613385768276,Wheeling,Sitting
208,0.008273330894516508,0.8620927425952053,0.010516378913949515,0.09103286190169323,0.006048691898059352,0.022035993796576663,Sitting,Sitting
209,0.0016604587289101257,0.08424304577423876,0.0008144829753364732,0.006208400334557862,0.0004040219210925809,0.906669590265864,Wheeling,Sitting
210,0.001517316701462468,0.07010526011074329,0.0014055263452176134,0.005719620393290564,0.0009377012797639532,0.9203145751695224,Wheeling,Sitting
211,0.002574304103801526,0.5040931467994284,0.0015000493997758355,0.003459922747618928,0.00026434054584722225,0.4881082364035281,Sitting,Sitting
212,0.0018348434996193993,0.05832489047195344,0.000756939742166049,0.00041554679006876067,0.000833493619303704,0.9378342858768887,Wheeling,Sitting
213,0.0017025299107205887,0.07781874987708202,0.0005261670754717159,0.0001266213596671511,0.00024285739294357584,0.9195830743841152,Wheeling,Sitting
214,0.0017790339986740193,0.061731858033782984,0.00023793008184394294,0.00044402310249981445,6.068156775440004e-05,0.9357464732154449,Wheeling,Sitting
215,0.001796082370918103,0.06943098991696128,0.00025732398313453543,0.0005714036454660754,7.60138999697418e-05,0.9278681861835503,Wheeling,Sitting
216,0.0017445688627019977,0.062445294475700734,0.0002462298698583675,0.00044440549190141347,9.164068229466845e-05,0.9350278606175428,Wheeling,Sitting
217,0.001655087825989735,0.0653713932257432,0.00021716947500660354,0.0004169820761695022,9.784479852491222e-05,0.9322415225985663,Wheeling,Sitting
218,0.002304815509600987,0.10740674633625946,0.00020647527284632793,0.0004903885544500663,5.0513299649193326e-05,0.8895410610271939,Wheeling,Sitting
219,0.002304815509600987,0.10740674633625946,0.00020647527284632793,0.0004903885544500663,5.0513299649193326e-05,0.8895410610271939,Wheeling,Sitting
220,0.002304815509600987,0.10740674633625946,0.00020647527284632793,0.0004903885544500663,5.0513299649193326e-05,0.8895410610271939,Wheeling,Sitting
221,0.002304815509600987,0.10740674633625946,0.00020647527284632793,0.0004903885544500663,5.0513299649193326e-05,0.8895410610271939,Wheeling,Sitting
222,0.002304815509600987,0.10740674633625946,0.00020647527284632793,0.0004903885544500663,5.0513299649193326e-05,0.8895410610271939,Wheeling,Sitting
223,0.0017650390640121996,0.12730462777633045,0.0027257598766094312,0.005067717641002593,0.0021051342828740474,0.8610317213591714,Wheeling,Sitting
224,0.0083853199184534,0.8257376663562033,0.0011102680416219353,0.05635778897281019,0.0008438568725086651,0.10756509983840233,Sitting,Sitting
225,0.003115994158621803,0.38687517588442366,0.021944112847276424,0.04401677304048192,0.008675334027726519,0.5353726100414694,Wheeling,Sitting
226,0.0016645184992933827,0.08752313541669189,0.0011000252496849807,0.007033911822305234,0.0005051995196559742,0.9021732094923689,Wheeling,Sitting
227,0.0015742786558314164,0.08564154458640366,0.0024427351783505784,0.004147774200570224,0.0015516248801859824,0.9046420424986584,Wheeling,Sitting
228,0.0016410157419414235,0.09261201618347305,0.0010351420401249526,0.0067295187887825465,0.0004608362052094827,0.8975214710404686,Wheeling,Sitting
229,0.0028187011049451483,0.43793992904136303,0.006015131290488744,0.04116233074773774,0.0027596280665780483,0.5093042797488871,Sitting,Sitting
230,0.001571912060449082,0.21239101247182915,0.004523714843892528,0.009867756294153556,0.002229450207634252,0.7694161541220415,Wheeling,Sitting
231,0.0015237763729506711,0.23065348330162166,0.003243147585647192,0.006212794247127671,0.0018407508006650034,0.7565260476919876,Wheeling,Sitting
232,0.0018404285258587787,0.3249052512875119,0.017104065540738955,0.033244239406837905,0.015136704221030644,0.6077693110180215,Wheeling,Sitting
233,0.0020260889533864164,0.2536509348617771,0.03573558355790297,0.12472713456183812,0.05661443973852917,0.5272458183265665,Wheeling,Sitting
234,0.00175119096009326,0.26943025933381914,0.032594860384811936,0.25400074230753517,0.030490676923840568,0.4117322700899003,Wheeling,Sitting
235,0.002080055730212256,0.23130973522951803,0.03443977680563673,0.33661645272619267,0.012669034732725471,0.38288494477571483,Standing,Sitting
236,0.003563759367908845,0.3645348429875062,0.021426549080202292,0.18953079479858118,0.007913237155695632,0.41303081661010577,Sitting,Sitting
237,0.0022422363465538497,0.32259363651498446,0.02782500388255387,0.24268325007630973,0.011928931894898085,0.3927269412847,Sitting,Sitting
238,0.0021981275579910347,0.3612295028461458,0.009530379102601813,0.09526472743156943,0.008125110391176006,0.5236521526705157,Wheeling,Sitting
239,0.00174503837623339,0.3012755020216564,0.01690001744131781,0.19921218972891497,0.009497761691239188,0.4713694907406385,Wheeling,Sitting
240,0.005772249241176184,0.5118182620720579,0.015323974729838038,0.09288136283589218,0.007515304584484133,0.3666888465365514,Sitting,Sitting
241,0.004884939585466008,0.19068409812579212,0.07046888111148994,0.544480964358921,0.06491867836156713,0.12456243845676399,Standing,Sitting
242,0.0019004872357822281,0.024073788239157363,0.019389843680358218,0.8279610060793802,0.022767044739993594,0.10390783002532784,Standing,Sitting
243,0.0016771083278113883,0.021318373203187756,0.010076469218352958,0.8573998511861028,0.004037811440962819,0.10549038662358212,Standing,Sitting
244,0.003278860906426243,0.03642145468310079,0.020252031332159446,0.6456199843455597,0.015840054436617287,0.2785876142961368,Standing,Sitting
245,0.008878311980238562,0.24442616167169623,0.11126994462180564,0.10799959265181203,0.3404926529412185,0.18693333613322888,Walking,Sitting
246,0.0013995344580609434,0.4215905144709945,0.009073816620839944,0.006805623078810778,0.0064051909187890065,0.5547253204525053,Wheeling,Wheeling
247,0.0013758059049702382,0.4340163068451595,0.003726393414939831,0.010056886709299113,0.0017618342521133,0.5490627728735179,Wheeling,Wheeling
248,0.0013418948112232636,0.39596648739763923,0.003543168546643444,0.0062415755386504065,0.0021281676167102703,0.5907787060891336,Wheeling,Wheeling
249,0.0016725774301714642,0.34451240988280557,0.003382937875724116,0.005487184056486685,0.0006525663317814641,0.644292324423031,Wheeling,Wheeling
250,0.0013334296835317081,0.3515550084166953,0.002123773912988311,0.0025555670078618565,0.0016161638433712753,0.6408160571355512,Wheeling,Wheeling
251,0.0012920946797979284,0.4034859209372613,0.004217596308509106,0.0054888159951438946,0.004330830854096073,0.5811847412251913,Wheeling,Wheeling
252,0.001270428228470416,0.3753555485711487,0.0029424463017366604,0.00839149341127753,0.0009206800836845889,0.611119403403682,Wheeling,Wheeling
253,0.0013145936464440343,0.3819406383447651,0.003263924873694306,0.005456620341586188,0.0016625296238509315,0.6063616931696593,Wheeling,Wheeling
254,0.0015696441023982533,0.397822199921187,0.0024661827827378332,0.007436704270207094,0.0012398827628959327,0.5894653861605735,Wheeling,Wheeling
255,0.0013973201153352815,0.3576079062372782,0.002758033157517601,0.0067464412174127325,0.0013986507452382086,0.6300916485272184,Wheeling,Wheeling
256,0.0013118185091393164,0.3438006882398199,0.0023974014412603373,0.005292906443476269,0.0016067138056551928,0.6455904715606489,Wheeling,Wheeling
257,0.0014560043527212091,0.37945173586927344,0.0030627156158850384,0.010479971586804767,0.0008418618514332211,0.6047077107238821,Wheeling,Wheeling
258,0.0014119573268919986,0.35934775546794756,0.0032210675063289924,0.005502166506065066,0.0020841869905506485,0.6284328662022157,Wheeling,Wheeling
259,0.0014439542870286703,0.3945468484836819,0.00272697362263261,0.00773675487823642,0.0019553353418221924,0.5915901333865984,Wheeling,Wheeling
260,0.0013956479299315578,0.3757334406070761,0.0025158277762181223,0.00886679105201453,0.0012000760844792712,0.6102882165502805,Wheeling,Wheeling
261,0.0013732275434422962,0.3360609776461875,0.0063750457785242635,0.006024852194103218,0.003263060060789403,0.6469028367769533,Wheeling,Wheeling
262,0.002276111818806391,0.5088058816478679,0.0027094529950595137,0.002351072518740903,0.0011186585323122791,0.4827388224872131,Sitting,Wheeling
263,0.0015787250044913153,0.481980556321881,0.002931708361926271,0.00441901953019088,0.0020152444593438956,0.5070747463221665,Sitting,Wheeling
264,0.0015745343493329099,0.4408841472715554,0.004248797618593346,0.011993157698249225,0.002089143147431898,0.5392102199148372,Wheeling,Wheeling
265,0.0012002152145527921,0.36537477658368034,0.002721635217557201,0.006489262884194252,0.0010505297484543767,0.6231635803515613,Wheeling,Wheeling
266,0.001069557827996809,0.35845694551156243,0.004300097323069166,0.004349170746412901,0.003020448747853484,0.6288037798431053,Wheeling,Wheeling
267,0.001430763830156653,0.369317503568768,0.0033109875769301083,0.007344091708025336,0.0013276939961434887,0.6172689593199763,Wheeling,Wheeling
268,0.0014839269478345199,0.39318095785967233,0.0032292501505777767,0.00730832057384312,0.0018772489511952805,0.5929202955168771,Wheeling,Wheeling
269,0.0014105580220354036,0.376764020296112,0.002783076639316387,0.006578644771619632,0.001049442748540364,0.6114142575223762,Wheeling,Wheeling
270,0.0013264495836809225,0.3568947687265491,0.003339274628117265,0.006823769638411405,0.0011316930601495325,0.6304840443630915,Wheeling,Wheeling
271,0.0016870924696765453,0.421964658406858,0.0009599166897637021,0.0011002093554023594,0.0003106528158661746,0.5739774702624334,Wheeling,Wheeling
272,0.0019331583212347145,0.3951889857085925,0.0008773351584458432,0.0007319194331114502,0.0007631159825845757,0.6005054853960313,Wheeling,Wheeling
273,0.0018226217281487142,0.37029251269047747,0.0012842926844320742,0.0011251503674218303,0.0009495706639062379,0.6245258518656139,Wheeling,Wheeling
274,0.0017080090725275145,0.5044883083947024,0.0018590258040267792,0.003190816200205579,0.0015513111575696857,0.4872025293709676,Sitting,Wheeling
275,0.0022339019287446636,0.40681102763429566,0.008552449780151843,0.004326172765523632,0.007589120172673055,0.5704873277186111,Wheeling,Wheeling
276,0.002103444094114136,0.34741577285496095,0.004321354838706233,0.0010977513805289112,0.004691730011379846,0.6403699468203097,Wheeling,Wheeling
277,0.002917855313833236,0.35599476261655266,0.0007089905367909865,0.0004674121971956872,0.0005231696854909306,0.6393878096501369,Wheeling,Wheeling
