,0,1,2,3,4,5,modelStates,target
0,0.9362009315686882,0.014013845889737765,0.008030173607700176,0.0042075656741431666,0.006999020516560469,0.0305484627431704,Lying,Lying
1,0.9658812151273763,0.006876837314533795,0.00481250664354113,0.004865007173520711,0.009465084990466723,0.008099348750561492,Lying,Lying
2,0.9657286220437784,0.00614961866393733,0.004836190310288607,0.0055978474714590346,0.010329323719175072,0.0073583977913620245,Lying,Lying
3,0.9631519383008011,0.005698730535774984,0.004085641562578704,0.009280336095375307,0.011504464499227405,0.006278889006242504,Lying,Lying
4,0.9657483510785944,0.005940346333186892,0.005251442386607024,0.004801066644159545,0.011164841372875817,0.0070939521845761605,Lying,Lying
5,0.9615987031055903,0.005707042006807057,0.005488604190605849,0.006894708951264429,0.013436754759583955,0.006874186986148808,Lying,Lying
6,0.9678097538254485,0.005391850034226461,0.003954098898331017,0.007022724717091275,0.010264856642187533,0.005556715882715323,Lying,Lying
7,0.9690271552410182,0.005030711663758966,0.005332605145206275,0.004888790164380774,0.01031206616208804,0.005408671623547651,Lying,Lying
8,0.9691171741155244,0.0048513418954721915,0.004702475965677743,0.005204342503598211,0.010338129672500196,0.005786535847227703,Lying,Lying
9,0.9655639080422488,0.005040595773546398,0.005596192171733686,0.005398557951929068,0.012711693342115605,0.005689052718426856,Lying,Lying
10,0.9579750044734963,0.005455351828749748,0.004284058352385198,0.013371757394115277,0.01212388851659838,0.0067899394346552615,Lying,Lying
11,0.9615289174553879,0.005226156704779846,0.005772364491959894,0.00501955048351132,0.015439730534909777,0.007013280329451254,Lying,Lying
12,0.9615289174553879,0.005226156704779846,0.005772364491959894,0.00501955048351132,0.015439730534909777,0.007013280329451254,Lying,Lying
13,0.9615289174553879,0.005226156704779846,0.005772364491959894,0.00501955048351132,0.015439730534909777,0.007013280329451254,Lying,Lying
14,0.9615289174553879,0.005226156704779846,0.005772364491959894,0.00501955048351132,0.015439730534909777,0.007013280329451254,Lying,Lying
15,0.9615289174553879,0.005226156704779846,0.005772364491959894,0.00501955048351132,0.015439730534909777,0.007013280329451254,Lying,Lying
16,0.9615289174553879,0.005226156704779846,0.005772364491959894,0.00501955048351132,0.015439730534909777,0.007013280329451254,Lying,Lying
17,0.9615289174553879,0.005226156704779846,0.005772364491959894,0.00501955048351132,0.015439730534909777,0.007013280329451254,Lying,Lying
18,0.9615289174553879,0.005226156704779846,0.005772364491959894,0.00501955048351132,0.015439730534909777,0.007013280329451254,Lying,Lying
19,0.9615289174553879,0.005226156704779846,0.005772364491959894,0.00501955048351132,0.015439730534909777,0.007013280329451254,Lying,Lying
20,0.9615289174553879,0.005226156704779846,0.005772364491959894,0.00501955048351132,0.015439730534909777,0.007013280329451254,Lying,Lying
21,0.9615289174553879,0.005226156704779846,0.005772364491959894,0.00501955048351132,0.015439730534909777,0.007013280329451254,Lying,Lying
22,0.9615289174553879,0.005226156704779846,0.005772364491959894,0.00501955048351132,0.015439730534909777,0.007013280329451254,Lying,Lying
23,0.9615289174553879,0.005226156704779846,0.005772364491959894,0.00501955048351132,0.015439730534909777,0.007013280329451254,Lying,Lying
24,0.9615289174553879,0.005226156704779846,0.005772364491959894,0.00501955048351132,0.015439730534909777,0.007013280329451254,Lying,Lying
25,0.0017183378504898221,0.012554294116939107,0.00018486420696969005,0.001314684552345337,0.0002907533680593953,0.9839370659051966,Wheeling,Sitting
26,0.0016174957970957558,0.011471211186993303,0.0006390036586830528,0.0024100927246032042,0.0019381782141975111,0.9819240184184272,Wheeling,Sitting
27,0.001848230431025214,0.10236221364605301,0.003935121000003433,0.010781524679153108,0.005498918470975457,0.8755739917727894,Wheeling,Sitting
28,0.003205292585562728,0.9457361496800591,0.0053214913182734296,0.007731163988061916,0.0030033402114323514,0.035002562216610425,Sitting,Sitting
29,0.0033957634883768637,0.9074300731480891,0.005818838967814323,0.005912954206832311,0.0035410545180798733,0.07390131567080765,Sitting,Sitting
30,0.003464471346665436,0.9281373171069007,0.008176563638346448,0.007705533023284212,0.004366762204435486,0.048149352680367644,Sitting,Sitting
31,0.003716267740395835,0.9795154596692537,0.004587135026360227,0.00744065390575049,0.003637211741510327,0.0011032719167291885,Sitting,Sitting
32,0.003629351156869201,0.8091393206714472,0.015238647902506001,0.004931106948544951,0.005441607527773914,0.1616199657928587,Sitting,Sitting
33,0.003629351156869201,0.8091393206714472,0.015238647902506001,0.004931106948544951,0.005441607527773914,0.1616199657928587,Sitting,Sitting
34,0.003629351156869201,0.8091393206714472,0.015238647902506001,0.004931106948544951,0.005441607527773914,0.1616199657928587,Sitting,Sitting
35,0.003629351156869201,0.8091393206714472,0.015238647902506001,0.004931106948544951,0.005441607527773914,0.1616199657928587,Sitting,Sitting
36,0.003629351156869201,0.8091393206714472,0.015238647902506001,0.004931106948544951,0.005441607527773914,0.1616199657928587,Sitting,Sitting
37,0.003629351156869201,0.8091393206714472,0.015238647902506001,0.004931106948544951,0.005441607527773914,0.1616199657928587,Sitting,Sitting
38,0.003629351156869201,0.8091393206714472,0.015238647902506001,0.004931106948544951,0.005441607527773914,0.1616199657928587,Sitting,Sitting
39,0.0030448248591083034,0.006794084863163421,0.020069055506798314,0.9347953268174425,0.029831790230886307,0.00546491772260116,Standing,Standing
40,0.0027979140800284785,0.005321333556648014,0.005076099801606712,0.9784651479775096,0.005427683106780483,0.0029118214774267177,Standing,Standing
41,0.006658340503334756,0.02382925141907429,0.06856795584020679,0.6351221968293835,0.25744172620248074,0.008380529205519896,Standing,Standing
42,0.005895456766916458,0.037565259618985,0.2709045621190126,0.07075004561444634,0.6033369114784448,0.011547764402194674,StairClimbing,Standing
43,0.005236216964989609,0.01026549210422242,0.0737932925470306,0.885748682185435,0.016015112486328163,0.00894120371199445,Standing,Standing
44,0.0030118656900551283,0.004054257031726988,0.0013518688875199909,0.988383758838547,0.001966552825537157,0.0012316967266139788,Standing,Standing
45,0.0035922297559803644,0.007778568838028821,0.04419905666613988,0.8881825718288658,0.052925085348739215,0.00332248756224609,Standing,Standing
46,0.0029194071998186197,0.004521484300316041,0.00492260009091189,0.9817403740677995,0.0026608863228988117,0.003235248018255611,Standing,Standing
47,0.002925760239616626,0.003929403965184627,0.008531969833315368,0.9741630135860453,0.008250025085542744,0.0021998272902956,Standing,Standing
48,0.0027232483100754637,0.004185863690322774,0.0065003867215766425,0.9814411617102573,0.003190130753181148,0.0019592088145862214,Standing,Standing
49,0.003434564558315082,0.007305087225347136,0.03670457718921998,0.8909866232557881,0.05807608522478192,0.0034930625465479513,Standing,Standing
50,0.002874553701357211,0.004731359012617584,0.01734440836593128,0.9671063214129015,0.0033639448395314164,0.004579412667661199,Standing,Standing
51,0.0029804740846413563,0.005326579571823286,0.006045125259296511,0.9430597932751629,0.03862922493954261,0.003958802869533024,Standing,Standing
52,0.0033560385359008515,0.003439960382830873,0.003092554621282408,0.9853404015374699,0.0004015615979460937,0.004369483324569794,Standing,Standing
53,0.002046908405052599,0.0065394603092299745,0.03109143604341796,0.2568868950980649,0.6956029693655558,0.007832330778678686,Walking,Standing
54,0.003289887115771321,0.007193626006707157,0.0328310870270584,0.6284039339469795,0.3228021696557263,0.0054792962477575174,Standing,Standing
55,0.003134362876941011,0.7669315053014822,0.005091956652896569,0.00895748047587083,0.00725802893453013,0.2086266657582794,Sitting,Wheeling
56,0.0017226458067896918,0.042688286954563795,0.006681274312460325,0.002952039952220271,0.0025984639986318283,0.9433572889753343,Wheeling,Wheeling
57,0.003649874705420606,0.9021151879347084,0.0036735197721160418,0.0046534264336735905,0.00534885813176603,0.0805591330223158,Sitting,Wheeling
58,0.002263895623344318,0.15751402764973277,0.005856869234446465,0.005188459025416161,0.0031774879325871873,0.825999260534473,Wheeling,Wheeling
59,0.0020685546777904464,0.007015095506962424,0.008682213405286842,0.005395311756045752,0.006141105903589524,0.970697718750325,Wheeling,Wheeling
60,0.0021660231346045237,0.018110479695436475,0.0036691930392202163,0.00430067868202115,0.0035530759677006403,0.9682005494810173,Wheeling,Wheeling
61,0.002262489395342087,0.15860497026517573,0.007072085347751064,0.010550690518925923,0.010123924966689943,0.8113858395061153,Wheeling,Wheeling
62,0.00222605394118344,0.04246099532934281,0.008100224931735877,0.005540549834759522,0.00330500618301157,0.9383671697799667,Wheeling,Wheeling
63,0.002547601795024745,0.0044723628450449755,0.017837070249112182,0.0068141862895357945,0.007041240716037173,0.9612875381052451,Wheeling,Wheeling
64,0.0021525886912652672,0.17849868944778324,0.0054356143890205945,0.005323107152618207,0.004102951500652972,0.80448704881866,Wheeling,Wheeling
65,0.002342618043260739,0.036731865033830545,0.005916229483373869,0.006011258070308347,0.007379406622869001,0.9416186227463574,Wheeling,Wheeling
66,0.0027233142564558883,0.3860697657254425,0.00317714671277945,0.012121167418150659,0.00706658891978119,0.5888420169673902,Wheeling,Wheeling
67,0.0021309379085264826,0.07160650205645372,0.005591358600104001,0.006680013918752522,0.00512830892675874,0.9088628785894047,Wheeling,Wheeling
68,0.0022260367789852997,0.0121902722612204,0.00903406343350516,0.0056259321253155515,0.006442043291607054,0.9644816521093664,Wheeling,Wheeling
69,0.0024513162430195956,0.08973668317875659,0.004692428675501049,0.010911190906126413,0.0063832620485131455,0.8858251189480834,Wheeling,Wheeling
70,0.0023247727550234406,0.01395282596415596,0.003927661876139797,0.008143072179558978,0.005353030716391957,0.9662986365087299,Wheeling,Wheeling
71,0.002249629699795334,0.03849014997504656,0.001897294731845361,0.00476431538093154,0.0042510663673549194,0.9483475438450264,Wheeling,Wheeling
72,0.00216057706061079,0.010754509513043162,0.008994898238858762,0.004120197392767793,0.006837129291008861,0.9671326885037108,Wheeling,Wheeling
73,0.002128706045428345,0.01700388698171382,0.007001386194558416,0.005368408858722565,0.005808195815166037,0.9626894161044107,Wheeling,Wheeling
74,0.0027658033382004267,0.02164597641758955,0.015604506698539345,0.011298201142787697,0.011598150539051043,0.9370873618638319,Wheeling,Wheeling
75,0.00245289144015802,0.018849177483948293,0.0017531324803653026,0.003484798296889348,0.0037364286012145907,0.9697235716974244,Wheeling,Wheeling
76,0.0023748461426633507,0.002100829026291542,0.019423913986193492,0.004191573756867143,0.005537006862935136,0.9663718302250495,Wheeling,Wheeling
77,0.0020622837513928002,0.0016630470385753913,0.004462481633812476,0.00297235415562493,0.0030003064866621835,0.9858395269339321,Wheeling,Wheeling
78,0.002151232193814296,0.0008678436259343644,0.007027903631228416,0.0023603073849094883,0.002971807925740399,0.9846209052383731,Wheeling,Wheeling
79,0.0022231331910017426,0.001642565171236129,0.008411294421799234,0.005057498511859799,0.0072938458136521155,0.975371662890451,Wheeling,Wheeling
80,0.002269815369309519,0.002540024482076043,0.008447180322901548,0.004985755415149198,0.006990325865095014,0.9747668985454686,Wheeling,Wheeling
81,0.0021686701028018215,0.0017003893532864438,0.008445142146368207,0.002662932246619804,0.0036328923445265184,0.9813899738063971,Wheeling,Wheeling
82,0.001962553172754289,0.015912475506831184,0.003727675842097274,0.003997574706091525,0.0029038185011512735,0.9714959022710745,Wheeling,Wheeling
83,0.002107980516409686,0.004646501205566669,0.0061756891583115816,0.004639861478316218,0.0039037522138403876,0.9785262154275554,Wheeling,Wheeling
84,0.0022327505164580863,0.010048189938902604,0.0074159295605941864,0.005533072282707362,0.003352995532906525,0.9714170621684312,Wheeling,Wheeling
85,0.002111914234925998,0.27143328443274023,0.009557947790187057,0.011055048421339564,0.00621782427108544,0.6996239808497218,Wheeling,Wheeling
86,0.0016399561223805988,0.05562818751030572,0.005076792775662838,0.005275809279005536,0.005156357226008683,0.927222897086637,Wheeling,Wheeling
87,0.0027820675283451476,0.7351942870006641,0.0031566765535497986,0.004238978078012207,0.004404326326511011,0.25022366451291733,Sitting,Wheeling
88,0.0018581479059939922,0.0276070982962263,0.013242850029150552,0.008290418006611691,0.01080504145018563,0.9381964443118318,Wheeling,Wheeling
89,0.002665514719016978,0.2693408684263811,0.023998801098037755,0.04241717097565344,0.027249214809021167,0.6343284299718895,Wheeling,Wheeling
90,0.0015674643398022898,0.001679481473389407,0.021331978429242494,0.004659946178153869,0.9681584623353214,0.002602667244090405,Walking,Walking
91,0.002125406565393292,0.004344355781253352,0.04977855235346693,0.05435486097461546,0.8844273789753839,0.004969445349886925,Walking,Walking
92,0.0019824308717477077,0.002617754308689063,0.08884826377611228,0.009703968440202156,0.8932193773278764,0.0036282052753724785,Walking,Walking
93,0.0017324682005742892,0.002301235529729416,0.009191714006996215,0.03527806423145113,0.9492273646787623,0.002269153352486372,Walking,Walking
94,0.00425417472321267,0.00939300524388931,0.3149187581855607,0.05511883928007723,0.6094186659426971,0.0068965566245630635,Walking,Walking
95,0.0020552270473926503,0.0024609417901702854,0.011511426860721824,0.03605520833708249,0.9455839659587192,0.0023332300059133748,Walking,Walking
96,0.0036895157569622554,0.003993679327300908,0.03363120313847917,0.14589254859274609,0.8099384362507979,0.002854616933713598,Walking,Walking
97,0.006189642385212794,0.009986020635203144,0.04374262075680345,0.10816206430801271,0.8247578297444503,0.007161822170317812,Walking,Walking
98,0.0035238854669273055,0.006622353342299486,0.04562361305434826,0.10702839646567243,0.83165150254444,0.00555024912631245,Walking,Walking
99,0.0019132487169443817,0.0028502281938941683,0.009198720466555541,0.01852181027358049,0.9647292371497463,0.0027867551992789953,Walking,Walking
100,0.0026171267652360165,0.0037512487273456893,0.023644835698114878,0.06671815587400563,0.9003319878156832,0.002936645119614817,Walking,Walking
101,0.0027301149058020016,0.004702813896051673,0.05830771749969302,0.09070862665680661,0.8392529291192542,0.004297797922392554,Walking,Walking
102,0.0017046962260842142,0.002572679774829409,0.1017030435571647,0.004579101735514161,0.8853037159842311,0.004136762722176621,Walking,Walking
103,0.0021144960687036044,0.0017669765808390255,0.0029875495993629342,0.009313057472173604,0.9821337150568091,0.0016842052221118767,Walking,Walking
104,0.0017969500437683874,0.002207521411593912,0.014498705370292514,0.023323702855721884,0.9561260052442829,0.00204711507434043,Walking,Walking
105,0.002211843315688976,0.0014673805260490974,0.02562996777362648,0.005474983256456622,0.9634979458523242,0.0017178792758546892,Walking,Walking
106,0.0026818240644723105,0.0018315629365540022,0.023680196373259303,0.04251928617488973,0.927026395677356,0.0022607347734691753,Walking,Walking
107,0.001546312287941049,0.002806612042856929,0.05498800476539739,0.025552727509669484,0.9120302776701594,0.0030760657239754107,Walking,Walking
108,0.0017622324932137987,0.002691635332171267,0.01697658077202975,0.06780403505890939,0.9080218948096941,0.0027436215339817745,Walking,Walking
109,0.001733654288265973,0.003702139989661202,0.052190169351493024,0.007439136038094363,0.9313877229836202,0.0035471773488653328,Walking,Walking
110,0.004843569564881253,0.009718125128694348,0.9388592674389243,0.02687635742262239,0.012511868674644527,0.0071908117702331135,StairClimbing,Walking
111,0.002856193345011627,0.005457517964304652,0.3019614077832569,0.004571973532577157,0.6806852597605508,0.00446764761429907,Walking,Walking
112,0.0038576361984096227,0.004411089497533464,0.37729859349621636,0.004174004957810628,0.6069527974628279,0.0033058783872017623,Walking,Walking
113,0.0016236932993618429,0.0013832896056203497,0.0041263486496473925,0.0007873906389145359,0.9905618758976364,0.0015174019088194542,Walking,Walking
114,0.004195947087924355,0.8832732660987049,0.009382495591160757,0.009785520643475877,0.009598103634612668,0.08376466694412152,Sitting,Sitting
115,0.003999858127185331,0.9284682118746785,0.007181065845578019,0.012448666047667091,0.007065313504226054,0.040836884600665,Sitting,Sitting
116,0.0038690118318692335,0.9259398240777641,0.005352733736462953,0.012838668163635159,0.00595795739919542,0.046041804791073296,Sitting,Sitting
117,0.003888740914958078,0.961978030234797,0.004021742929912767,0.014101255104427935,0.0037389265481414737,0.012271304267763038,Sitting,Sitting
118,0.004456027755295286,0.8591460431075171,0.021987818378153456,0.010237729358418093,0.013417566222505032,0.09075481517811114,Sitting,Sitting
119,0.004456027755295286,0.8591460431075171,0.021987818378153456,0.010237729358418093,0.013417566222505032,0.09075481517811114,Sitting,Sitting
120,0.004456027755295286,0.8591460431075171,0.021987818378153456,0.010237729358418093,0.013417566222505032,0.09075481517811114,Sitting,Sitting
121,0.004456027755295286,0.8591460431075171,0.021987818378153456,0.010237729358418093,0.013417566222505032,0.09075481517811114,Sitting,Sitting
122,0.004456027755295286,0.8591460431075171,0.021987818378153456,0.010237729358418093,0.013417566222505032,0.09075481517811114,Sitting,Sitting
123,0.004456027755295286,0.8591460431075171,0.021987818378153456,0.010237729358418093,0.013417566222505032,0.09075481517811114,Sitting,Sitting
124,0.004456027755295286,0.8591460431075171,0.021987818378153456,0.010237729358418093,0.013417566222505032,0.09075481517811114,Sitting,Sitting
125,0.004456027755295286,0.8591460431075171,0.021987818378153456,0.010237729358418093,0.013417566222505032,0.09075481517811114,Sitting,Sitting
126,0.004456027755295286,0.8591460431075171,0.021987818378153456,0.010237729358418093,0.013417566222505032,0.09075481517811114,Sitting,Sitting
127,0.004456027755295286,0.8591460431075171,0.021987818378153456,0.010237729358418093,0.013417566222505032,0.09075481517811114,Sitting,Sitting
128,0.004456027755295286,0.8591460431075171,0.021987818378153456,0.010237729358418093,0.013417566222505032,0.09075481517811114,Sitting,Sitting
129,0.004456027755295286,0.8591460431075171,0.021987818378153456,0.010237729358418093,0.013417566222505032,0.09075481517811114,Sitting,Sitting
130,0.004456027755295286,0.8591460431075171,0.021987818378153456,0.010237729358418093,0.013417566222505032,0.09075481517811114,Sitting,Sitting
131,0.004456027755295286,0.8591460431075171,0.021987818378153456,0.010237729358418093,0.013417566222505032,0.09075481517811114,Sitting,Sitting
132,0.0018126256328725471,0.006062956014636588,0.004798704675667906,0.004464652902408523,0.0038407451370907723,0.9790203156373238,Wheeling,Wheeling
133,0.0019835217917375404,0.00874672493370245,0.007914234366735825,0.008447532023589176,0.009518361517518361,0.9633896253667166,Wheeling,Wheeling
134,0.0020293577881546694,0.06489437903941525,0.0014226468348339813,0.003670703351384291,0.004087599721495897,0.9238953132647159,Wheeling,Wheeling
135,0.0021332914231463793,0.09869766460228577,0.001601998132360001,0.0023559490611581497,0.0012522890894672678,0.8939588076915824,Wheeling,Wheeling
136,0.0017746164306571737,0.02484554417867796,0.001835328145316189,0.001959268042379294,0.0020076953373479233,0.9675775478656213,Wheeling,Wheeling
137,0.0017221408942848537,0.01513024526714193,0.003421755517778282,0.0018172136363936759,0.0015452212223856356,0.9763634234620157,Wheeling,Wheeling
138,0.0017694060638728903,0.006460877219675554,0.005623782991284536,0.0029156156370281107,0.0032580758873021268,0.9799722422008366,Wheeling,Wheeling
139,0.0019817388964978935,0.002992459106243029,0.005235734149935046,0.006503094108354806,0.007431839855864949,0.9758551338831044,Wheeling,Wheeling
140,0.0018370264172776463,0.0069676826277929056,0.0023321351515619465,0.0029391383278791145,0.002859527917630969,0.9830644895578573,Wheeling,Wheeling
141,0.0020028667519051296,0.0007425912087792579,0.005318577203694126,0.0022304175799158776,0.004004170770847321,0.9857013764848586,Wheeling,Wheeling
142,0.0020508772051713855,0.0024799060580543604,0.001518687556157237,0.0009634210038798002,0.0007978293999682337,0.9921892787767694,Wheeling,Wheeling
143,0.002235618972783387,0.0004164842010769293,0.0036095265152393547,0.001378295889966196,0.0013203961950463482,0.9910396782258881,Wheeling,Wheeling
144,0.002145702817799434,0.004472135120123582,0.0016137586190105209,0.00143013695744611,0.001079868693044052,0.9892583977925764,Wheeling,Wheeling
145,0.0021703133653035783,0.005157577445628128,0.000598531873064258,0.0007371416838216554,0.0004895924459343462,0.990846843186248,Wheeling,Wheeling
146,0.002456824133422582,0.00034708248298416137,0.00200521235585294,0.001168094355634072,0.0007940840262971966,0.9932287026458092,Wheeling,Wheeling
147,0.002501547115904979,0.00034883611169894154,0.0021175908439933716,0.0007878583333018556,0.0009347593997305834,0.9933094081953704,Wheeling,Wheeling
148,0.0023776448499624936,0.0003320682155553542,0.001656400196066935,0.002069549481043817,0.0019922103202110893,0.9915721269371605,Wheeling,Wheeling
149,0.00214986754377443,0.00047324371935320833,0.0030644063723605933,0.0014707101746902478,0.0015913497715735582,0.9912504224182482,Wheeling,Wheeling
150,0.0024110249816120823,0.00028512167634972557,0.001409437234259111,0.001022233918785737,0.0008984338518814127,0.9939737483371118,Wheeling,Wheeling
151,0.0022497450406821383,0.0002754669478781884,0.003021703822317165,0.0008271393634743384,0.0007479366799642541,0.992878008145684,Wheeling,Wheeling
152,0.002244265509109416,0.0007384042242640386,0.0024663655784378335,0.0023692072013505325,0.002214781922647783,0.9899669755641902,Wheeling,Wheeling
153,0.0023181194525978468,0.0002002771979585503,0.0010998782553319258,0.0008693388361760892,0.00098536326968863,0.9945270229882468,Wheeling,Wheeling
154,0.0024277397981992683,0.00040601309829543125,0.001547160896858688,0.001144919785314618,0.0010840547691771162,0.9933901116521549,Wheeling,Wheeling
155,0.0022598768369543275,0.000737722856870822,0.0013182801896643222,0.0016259000688869378,0.0015229651160421987,0.9925352549315813,Wheeling,Wheeling
156,0.002253309645205183,0.0003787558358809336,0.0021235886434183516,0.0009432631373203722,0.0007600924660706769,0.9935409902721045,Wheeling,Wheeling
157,0.002230841012623637,0.004333637035967624,0.0014051894052727312,0.0009032855408257027,0.000856406657975237,0.990270640347335,Wheeling,Wheeling
158,0.002320900811671477,0.0006507059936858263,0.002260198240941692,0.0015101656342468713,0.0011993172310693044,0.9920587120883849,Wheeling,Wheeling
159,0.0022901144203919524,0.0020670676335218553,0.0010260377378242397,0.0015706415486762726,0.0013041907777458892,0.9917419478818397,Wheeling,Wheeling
160,0.0022904710311208395,0.000940985719628832,0.0022988753571499053,0.0015613894444557585,0.0013278829952123531,0.9915803954524326,Wheeling,Wheeling
161,0.002393494651157275,0.00039576928271219586,0.0028213048920160966,0.0011379810178464007,0.0012926934055050405,0.991958756750763,Wheeling,Wheeling
162,0.002065948916663044,0.008891449313452772,0.0012802416915768655,0.003138133935587786,0.002628559963141296,0.9819956661795782,Wheeling,Wheeling
163,0.0019843580790450286,0.006051608735475915,0.0016857371040809234,0.0011636740370116454,0.0007481082587199534,0.9883665137856664,Wheeling,Wheeling
164,0.0019715618357938835,0.10248179470532182,0.0021385994354554674,0.00206736964746882,0.0011185177989571358,0.8902221565770025,Wheeling,Wheeling
165,0.002212805250780122,0.0033920405717220306,0.013306118113760389,0.006542934212074407,0.008144743207593662,0.9664013586440691,Wheeling,Wheeling
166,0.0019288089062429563,0.026483102220247204,0.013308051807035705,0.011860913821366214,0.004304987637962269,0.9421141356071456,Wheeling,Wheeling
167,0.9745007002732651,0.00393150175020805,0.004630814529071882,0.0038189374367222067,0.009051307824603635,0.004066738186129229,Lying,Lying
168,0.9738720437163747,0.003038168798621043,0.004492221572933777,0.005899360898533382,0.009568608004393913,0.0031295970091436693,Lying,Lying
169,0.9761783630359168,0.0030347914621219633,0.004812658006749468,0.003751291610236668,0.009154365018665312,0.003068530866309268,Lying,Lying
170,0.9734215401055626,0.003405038782401815,0.005431108714771798,0.0049845539781438,0.009468799995556021,0.0032889584235639246,Lying,Lying
171,0.9652506242311618,0.0032502716335138238,0.005089441567125349,0.011664730284551035,0.010774789046976482,0.003970143236671283,Lying,Lying
172,0.9662720355508092,0.0032539045963995645,0.005886046332214797,0.008098316018677687,0.012757042020401916,0.0037326554814966655,Lying,Lying
173,0.9732286537373661,0.003146003738587552,0.005481945713585574,0.005126898476098883,0.00987188091634865,0.003144617418013319,Lying,Lying
174,0.9726763514424017,0.0030957984775688238,0.005658693524272629,0.005549338398499717,0.009897804792379046,0.0031220133648781592,Lying,Lying
175,0.9733457303122273,0.003091333436997383,0.004656533916344689,0.006083320967002687,0.009680814555840037,0.003142266811587862,Lying,Lying
176,0.972214132766134,0.003181016878662346,0.005155717464451134,0.00591457678764623,0.010333686488471999,0.0032008696146343914,Lying,Lying
177,0.9701399562764675,0.0032740672769310574,0.005037529867460943,0.0070315326407875784,0.011186203189992576,0.003330710748360344,Lying,Lying
178,0.9686717525262253,0.0029507553226055844,0.0058486720310004375,0.004862879363327662,0.013678262405021058,0.003987678351819742,Lying,Lying
179,0.9686717525262253,0.0029507553226055844,0.0058486720310004375,0.004862879363327662,0.013678262405021058,0.003987678351819742,Lying,Lying
180,0.9674392186082579,0.0031537001093757257,0.006865677206065505,0.010162987318944623,0.00861283387936824,0.003765582877988366,Lying,Lying
181,0.9703101534282634,0.002992144286963679,0.00538160911512607,0.0072618144481143105,0.010992745731798759,0.003061532989733499,Lying,Lying
182,0.9698508223566418,0.0028873812336833887,0.005188945451344009,0.007426789932333134,0.011453207199534774,0.003192853826462822,Lying,Lying
183,0.9678563318172069,0.00315990237363054,0.004551111198806693,0.012655623730120906,0.008060049696045662,0.0037169811841893494,Lying,Lying
184,0.9759782827729125,0.0028515357542996957,0.004947918108256836,0.005427338569098446,0.008182417051420471,0.0026125077440121783,Lying,Lying
185,0.9769339252474067,0.002391499191611412,0.0019938803091358224,0.010506339406813529,0.005437584810668395,0.002736771034364052,Lying,Lying
186,0.0031550163231983696,0.0033295832147518353,0.0030491876867437154,0.9831650326355017,0.0042308756110890685,0.003070304528715422,Standing,Standing
187,0.0032180474890618907,0.003906774563220265,0.025375083141536567,0.9584889952163499,0.006408790440098158,0.0026023091497330087,Standing,Standing
188,0.00285819357645738,0.0035918152016528163,0.008009817091642949,0.9702000242914203,0.013612215509232561,0.0017279343295938867,Standing,Standing
189,0.003240753795319565,0.0034089547590091755,0.001507048748699665,0.9865910436294416,0.0029788605976788013,0.0022733384698510953,Standing,Standing
190,0.0028498214461728805,0.0036998226621001587,0.011854748130803457,0.9263578172858395,0.05388297945636241,0.0013548110187216395,Standing,Standing
191,0.0030661568059285726,0.00380964125072146,0.015037964205915017,0.9365922722862476,0.03924811412219306,0.0022458513289940695,Standing,Standing
192,0.0028425725957251435,0.0030217042202210598,0.006520794601678621,0.9670236670671647,0.01970505779521022,0.0008862037200004059,Standing,Standing
193,0.002924583639049975,0.0031392615510533006,0.0010767377328496706,0.9888881915904434,0.0005278314687703723,0.003443394017833312,Standing,Standing
194,0.003319445181491846,0.004274857420195259,0.006654687924228224,0.9745378398241299,0.002505874918481114,0.008707294731474035,Standing,Standing
195,0.0031295597643311007,0.0029543097198899315,0.002034982278624591,0.985570707627067,0.00495639426044416,0.0013540463496433085,Standing,Standing
196,0.003012532515392497,0.0033956201260915654,0.009695172663759737,0.9678587572352109,0.013991335670676133,0.0020465817888693275,Standing,Standing
197,0.003206718924495338,0.0033986609411617258,0.0029172972868465874,0.9802898928605982,0.0077538139401248434,0.002433616046773243,Standing,Standing
198,0.0027737518029451076,0.003300627908533969,0.007836006283888237,0.9737426302704993,0.011365114177545177,0.0009818695565880344,Standing,Standing
199,0.002726191984827062,0.00323710122031922,0.010137611532712627,0.9600883839269061,0.02163570183920117,0.002175009496033383,Standing,Standing
200,0.0028297532919050942,0.00335106374437118,0.004447971961619941,0.9786063883698534,0.00872417785524799,0.0020406447770023933,Standing,Standing
201,0.003019960923050543,0.0033517826710099665,0.0007159006696855593,0.9902046920139961,0.0007263797569998368,0.0019812839652579833,Standing,Standing
202,0.0027851137330907297,0.0030525432027766614,0.007708710000632007,0.9784914355909621,0.006293352992212568,0.0016688444803258861,Standing,Standing
203,0.0028632382617384895,0.0032122881726850258,0.002387076464770567,0.9878697869322517,0.001130231430163522,0.0025373787383906055,Standing,Standing
204,0.0027451779898675917,0.003579599674432907,0.006265643826019873,0.9834596922971229,0.002480100513019592,0.0014697856995372124,Standing,Standing
205,0.002776518611206514,0.003984031214626586,0.00460537251667384,0.9837683873686255,0.003050562840495505,0.0018151274483721247,Standing,Standing
206,0.0026834525567667362,0.0035804106859729113,0.004575947781927717,0.9834339517736017,0.00332360066147117,0.002402636540259966,Standing,Standing
207,0.003025179691511889,0.0027067987980682333,0.005009787591518378,0.9545146954369238,0.03382214579173166,0.0009213926902457551,Standing,Standing
208,0.002505565654527013,0.007667273855042806,0.030985584302236573,0.9260261001606132,0.029180663185597727,0.003634812841982523,Standing,Walking
209,0.0015392352089118704,0.002446671794326345,0.037515974703395384,0.01696528360775865,0.9390229359454874,0.0025098987401207733,Walking,Walking
210,0.0016986865466965635,0.00142736527215878,0.026893992971014368,0.002044184442624772,0.9653794093119475,0.0025563614555575943,Walking,Walking
211,0.0017387521789071943,0.0023054945365486323,0.04321252270527518,0.012125497663983386,0.937781821009424,0.0028359119058617484,Walking,Walking
212,0.0018190395993217135,0.001630009235438371,0.035249463310626256,0.0038528545321445886,0.9550298374700223,0.002418795852446636,Walking,Walking
213,0.001927674595176345,0.0012419907904661974,0.024248594995313615,0.012762698207798509,0.9579453968115693,0.001873644599676047,Walking,Walking
214,0.0020735988776722845,0.0016888742560924055,0.04218333245987546,0.04598653955497306,0.9059644020563759,0.002103252795011271,Walking,Walking
215,0.0020107407517523566,0.0010957147360916668,0.018634795935637067,0.0026121862139584675,0.9742754560409732,0.0013711063215870777,Walking,Walking
216,0.002156305587245233,0.0016691172453904425,0.012364615186817465,0.1022518338841496,0.8795609399426395,0.0019971881537577596,Walking,Walking
217,0.007053256790311643,0.006332989699884775,0.3817519177839445,0.08496971559550161,0.5084388052053113,0.011453314925046193,StairClimbing,Walking
218,0.003079649574757441,0.001636272721564069,0.2105569378935922,0.003451775243688979,0.7781511908286287,0.003124173737768476,Walking,Walking
219,0.002784702747165959,0.0017576814091774218,0.24898204230930898,0.006444853277879538,0.73621936360285,0.0038113566536183536,Walking,Walking
220,0.0023459532621162146,0.0020116091555908593,0.2188355406882288,0.005433994279820297,0.7665452668325646,0.0048276357816793855,Walking,Walking
221,0.001742465278260338,0.0016275235846435587,0.03913285217128181,0.004287579131572207,0.9512134793203155,0.0019961005139264515,Walking,Walking
222,0.0018530748134769914,0.0024104829670158253,0.07859977443145931,0.009979451627464178,0.9032685925804524,0.00388862358013127,Walking,Walking
223,0.00207460845919744,0.0016659645622481855,0.11934168565280667,0.0021538544740047232,0.8721051544318577,0.00265873241988512,Walking,Walking
224,0.002436928287592216,0.0019094562824093788,0.15178670153198473,0.012782325585974821,0.8288257281602122,0.0022588601518265536,Walking,Walking
225,0.0022147527890966647,0.002148918153597233,0.01641159898051029,0.008741304227054313,0.9689149536298675,0.001568472219873959,Walking,Walking
226,0.0026705304798734174,0.0025056752043777952,0.1683288067954647,0.01635764311109453,0.8069754724251416,0.003161871984048294,Walking,Walking
227,0.002335778588101561,0.001618680031046317,0.09869533619040059,0.002895591730674224,0.8920653496972635,0.002389263762513901,Walking,Walking
228,0.0019442537277760768,0.0012504451750874272,0.03981921949348186,0.012655404554521396,0.9422806029339663,0.0020500741151668147,Walking,Walking
229,0.002355456802829084,0.001580556447382441,0.11532070560563597,0.0030827417980732134,0.8750383511560444,0.0026221881900347454,Walking,Walking
230,0.006315367710708745,0.0026264707364562095,0.6932020251329855,0.002387207812203053,0.293665452578883,0.0018034760287635736,StairClimbing,Walking
231,0.0025077671411085378,0.002235689780062333,0.2216881806329387,0.0018373733723434842,0.7676803101722539,0.004050678901293156,Walking,Walking
232,0.0019233467753122417,0.0025215597665875496,0.0689636859665239,0.005089876876087826,0.9175520087612117,0.003949521854276962,Walking,Walking
233,0.0022229738807763404,0.002262875929745208,0.056769884761689565,0.022510996302709817,0.9136465252002448,0.0025867439248342607,Walking,Walking
234,0.0017242542163341402,0.006057729576400097,0.04724507537675327,0.46755026281325135,0.47108715121718076,0.006335526800080612,Standing,Walking
235,0.002122019867708003,0.004553043599934155,0.0636854237957457,0.11114510937080053,0.815018062262966,0.003476341102845182,Walking,Walking
236,0.0024607746690300694,0.006249467803157238,0.21620480848443913,0.05821057727788001,0.7106674374533487,0.006206934312145031,Walking,Walking
237,0.0019919729008002272,0.005072538816568843,0.17636649333361576,0.06056459324715334,0.7482221685496853,0.007782233152176505,Walking,Walking
238,0.0025041239700413468,0.0033390498932009452,0.08046007391888903,0.01310864841736877,0.8973569570253045,0.0032311467751956974,Walking,Walking
239,0.0024541572458126114,0.0050193818953444816,0.1798250316910694,0.02164247853786901,0.7867988107896995,0.0042601398402047925,Walking,Walking
240,0.002346530345092627,0.005125047996042265,0.1647075195636285,0.047855580984648205,0.7746552798527307,0.005310041257857822,Walking,Walking
241,0.0019906651770907695,0.004746231219855497,0.1468887523347642,0.0402995581329719,0.8005209440312759,0.005553849104041815,Walking,Walking
242,0.0022643756526299656,0.0033272934979097428,0.09103144128948319,0.021363340196872554,0.8786983064625062,0.0033152429005978345,Walking,Walking
243,0.002514969194264105,0.004894283650829737,0.17542785710460576,0.021902835418470618,0.7906169549236836,0.004643099708146139,Walking,Walking
244,0.0020012232999472848,0.004081326565109342,0.1599409607927657,0.03319222976622679,0.7940397913226602,0.006744468253290721,Walking,Walking
245,0.0017263731167197552,0.0025390202139551434,0.028307494849701857,0.026971578881495952,0.9363294614129789,0.004126071525148591,Walking,Walking
246,0.0019490980691097596,0.0029265109928268323,0.07641737610343467,0.01684925188587915,0.8973969844103632,0.004460778538386844,Walking,Walking
247,0.002682327705500652,0.00432154588474126,0.17748452478206214,0.033933038567932984,0.77709639366076,0.00448216939900308,Walking,Walking
248,0.0018347847777864502,0.0034674254123857238,0.07977594155515942,0.04048523346169559,0.870128569933509,0.004308044859463866,Walking,Walking
249,0.001897413512329265,0.003532819377291886,0.08533393795766683,0.03492684751317402,0.8702825666879813,0.004026414951556371,Walking,Walking
250,0.0017650836017697466,0.004231334924642651,0.08875993002643083,0.028412295428487246,0.8682474756535093,0.008583880365160132,Walking,Walking
251,0.0019424055607093094,0.003631231792873716,0.08188446847403044,0.03927423732057952,0.8682638689542358,0.005003787897571018,Walking,Walking
252,0.0021647867214252686,0.0030757189182735655,0.09996367642844765,0.014145895900794308,0.8763371351401598,0.004312786890899588,Walking,Walking
253,0.0015493411385738226,0.0035150762124498826,0.07026359741611458,0.020933949061473518,0.8962094208737614,0.007528615297626737,Walking,Walking
254,0.0019100403166095335,0.002699084960005627,0.05184003245870633,0.03674972712538654,0.9040848282425223,0.0027162868967696265,Walking,Walking
255,0.002005345598776016,0.004626387327916001,0.09450844621109994,0.08995807560510316,0.8045268849402568,0.004374860316848008,Walking,Walking
256,0.0020382728700490626,0.004386756455863875,0.09638434262011235,0.029370054601229968,0.8651558480159445,0.0026647254368002806,Walking,Walking
257,0.0015980442133741643,0.002863460223842714,0.03431407079418858,0.030674550119564888,0.9264044196987888,0.004145454950240642,Walking,Walking
258,0.0016559082835179584,0.002809204171167933,0.03801995947466605,0.025311050521063472,0.9281360496358741,0.004067827913710154,Walking,Walking
259,0.0016747473156445434,0.0024639744922372447,0.04924671854658689,0.022539612593047924,0.9211010582196816,0.00297388883280153,Walking,Walking
260,0.0021686532496004384,0.003488986048591529,0.13985429259771054,0.020902028537850264,0.8303993790211022,0.003186660545145309,Walking,Walking
261,0.0019308739878768977,0.0020718111836927366,0.08416699881268797,0.005066196351728522,0.903449115985462,0.003315003678551788,Walking,Walking
262,0.0017694336417911206,0.001782497768088506,0.08987810219070687,0.0025537114176102057,0.9010137712894013,0.003002483692401866,Walking,Walking
263,0.002001069036290272,0.001913009834227918,0.09044107070100078,0.007216486728961297,0.8960605616035631,0.002367802095956601,Walking,Walking
264,0.002005542275085325,0.0014980959403341312,0.04606771651907567,0.0063432424519539645,0.9416851277085003,0.002400275105051187,Walking,Walking
265,0.002156357333305832,0.0016412194020816453,0.09082856642324465,0.006389442681946158,0.8964510936255865,0.0025333205338350915,Walking,Walking
266,0.0020164281136697427,0.0015717182116209095,0.04242475818707365,0.0035368217059371793,0.9486149719208845,0.0018353018608137464,Walking,Walking
267,0.003477394324991271,0.00098334882987348,0.021659462633996433,0.08211668074029607,0.8907345638672735,0.0010285496035690813,Walking,Walking
268,0.002014568618412884,0.0033480667790244467,0.037215087180063104,0.23999788441099842,0.7141665185408805,0.003257874470620827,Walking,Standing
269,0.0029510710498328713,0.0059618650020321256,0.009113147486168205,0.9276700627470846,0.05023985054598512,0.004064003168896967,Standing,Standing
270,0.0024614307193017025,0.005343241814985842,0.0044879822544241455,0.9821700044584483,0.003737059041622994,0.001800281711217056,Standing,Standing
271,0.0024370380251338974,0.00733796908827295,0.018948706194572257,0.9520295078497254,0.01566752012702359,0.0035792587152720075,Standing,Standing
272,0.0024197312468854843,0.0045584604882417485,0.007055251721669189,0.9546630155081949,0.02821442510068566,0.003089115934323146,Standing,Standing
273,0.0028796291877621998,0.0077338504744308405,0.008589779999152268,0.9646345638327382,0.010339525927643107,0.005822650578273534,Standing,Standing
274,0.0023996945425556397,0.005015126808729189,0.00298374378871549,0.9604260224482435,0.026025877759555158,0.003149534652201399,Standing,Standing
275,0.002720853104599821,0.006785200021067912,0.029055579893872426,0.9188368975133606,0.03924480972261288,0.003356659744486434,Standing,Standing
276,0.002287510454265973,0.005567266816359499,0.005442579166343839,0.971686669493878,0.01207996679953931,0.002936007269613771,Standing,Standing
