,0,1,2,3,4,5,modelStates,target
0,0.046585568160985906,0.06552240074074889,0.1737078354631324,0.010392425847492516,0.11377493623015682,0.5900168335574834,Wheeling,Lying
1,0.051089444322630746,0.06309069108091883,0.2949048058245484,0.013566938439634434,0.11396187996809579,0.4633862403641715,StairClimbing,Lying
2,0.9761852150604315,0.00862478386461502,0.002778802926559273,0.005407583543426238,0.006341217765436363,0.0006623968395318025,Lying,Lying
3,0.9719320352396946,0.012423297738135906,0.002715612207219582,0.0044932935279380975,0.005396169943612896,0.003039591343399098,Lying,Lying
4,0.9610856722073139,0.013885388720034114,0.004372932473973183,0.0058292785400448025,0.0063767676022891875,0.008449960456344718,Lying,Lying
5,0.967857630789829,0.01175422536266932,0.0034471055483313567,0.004755437249664288,0.005524070327610146,0.006661530721895948,Lying,Lying
6,0.9690326134693061,0.012445576927857667,0.003175696441703661,0.004599131889804123,0.005560262338074167,0.00518671893325448,Lying,Lying
7,0.9622962882183164,0.013368951456984572,0.004496908158231383,0.005642602063615229,0.007139451186933089,0.0070557989159193485,Lying,Lying
8,0.9728175873002101,0.009320467923905288,0.0035451177226476518,0.005287865191930223,0.0058964884272524115,0.0031324734340544215,Lying,Lying
9,0.97112083935482,0.009390514335616518,0.0030951384841890967,0.004912301417019527,0.005034036639872535,0.0064471697684822605,Lying,Lying
10,0.97112083935482,0.009390514335616518,0.0030951384841890967,0.004912301417019527,0.005034036639872535,0.0064471697684822605,Lying,Lying
11,0.97112083935482,0.009390514335616518,0.0030951384841890967,0.004912301417019527,0.005034036639872535,0.0064471697684822605,Lying,Lying
12,0.97112083935482,0.009390514335616518,0.0030951384841890967,0.004912301417019527,0.005034036639872535,0.0064471697684822605,Lying,Lying
13,0.97112083935482,0.009390514335616518,0.0030951384841890967,0.004912301417019527,0.005034036639872535,0.0064471697684822605,Lying,Lying
14,0.97112083935482,0.009390514335616518,0.0030951384841890967,0.004912301417019527,0.005034036639872535,0.0064471697684822605,Lying,Lying
15,0.97112083935482,0.009390514335616518,0.0030951384841890967,0.004912301417019527,0.005034036639872535,0.0064471697684822605,Lying,Lying
16,0.97112083935482,0.009390514335616518,0.0030951384841890967,0.004912301417019527,0.005034036639872535,0.0064471697684822605,Lying,Lying
17,0.97112083935482,0.009390514335616518,0.0030951384841890967,0.004912301417019527,0.005034036639872535,0.0064471697684822605,Lying,Lying
18,0.97112083935482,0.009390514335616518,0.0030951384841890967,0.004912301417019527,0.005034036639872535,0.0064471697684822605,Lying,Lying
19,0.97112083935482,0.009390514335616518,0.0030951384841890967,0.004912301417019527,0.005034036639872535,0.0064471697684822605,Lying,Lying
20,0.97112083935482,0.009390514335616518,0.0030951384841890967,0.004912301417019527,0.005034036639872535,0.0064471697684822605,Lying,Lying
21,0.97112083935482,0.009390514335616518,0.0030951384841890967,0.004912301417019527,0.005034036639872535,0.0064471697684822605,Lying,Lying
22,0.9742121706007173,0.00811996218401357,0.003852141280530175,0.0034331076212711087,0.004992641201821826,0.005389977111645779,Lying,Lying
23,0.002466704801374766,0.17818709598616722,0.009549241102971959,0.7787927206899704,0.02601840326632994,0.004985834153185501,Standing,Sitting
24,0.002422937994416574,0.11246168100495317,0.010913125645586785,0.8308879318831986,0.038810964637958204,0.00450335883388645,Standing,Sitting
25,0.0022251087759748702,0.3251410027736492,0.0048217427567249956,0.6457208653949217,0.01303722275967925,0.009054057539050217,Standing,Sitting
26,0.0033099434479858967,0.07972338918462571,0.010710579637401322,0.8558949700303546,0.02990527365040107,0.02045584404923106,Standing,Sitting
27,0.0025775692739433377,0.13094135521727915,0.006205016476123146,0.8251932813015336,0.03007896117668291,0.0050038165544376775,Standing,Sitting
28,0.0025775692739433377,0.13094135521727915,0.006205016476123146,0.8251932813015336,0.03007896117668291,0.0050038165544376775,Standing,Sitting
29,0.00412665536636749,0.11691936962802427,0.030135913186532103,0.7666606540145762,0.06865585289578796,0.01350155490871195,Standing,Sitting
30,0.00412665536636749,0.11691936962802427,0.030135913186532103,0.7666606540145762,0.06865585289578796,0.01350155490871195,Standing,Sitting
31,0.00412665536636749,0.11691936962802427,0.030135913186532103,0.7666606540145762,0.06865585289578796,0.01350155490871195,Standing,Sitting
32,0.005038585285923429,0.05962528450192174,0.024747100752117206,0.8902915206764856,0.017351020608925464,0.0029464881746264246,Standing,Sitting
33,0.006295747151559684,0.15564816637024792,0.030439834510620965,0.6714075880214541,0.10478420276322847,0.03142446118288867,Standing,Sitting
34,0.017334317550158154,0.18931726732295995,0.1050095784146257,0.47644158748604487,0.1503325161001447,0.06156473312606698,Sitting,Sitting
35,0.006800005239585392,0.1045035239294859,0.1499034167190501,0.46216376140396737,0.22679708520462843,0.04983220750328311,Standing,Sitting
36,0.005334014436292133,0.08565952592057115,0.08938552324055729,0.5217468975429779,0.2818308053245469,0.016043233535054706,Standing,Standing
37,0.019690703136909894,0.17737949787666127,0.1436056126308086,0.22233312766067362,0.3865016258970552,0.05048943279789127,Sitting,Standing
38,0.0037672537293231972,0.05890781220665528,0.09740416632792925,0.6059097187485358,0.22352165888205666,0.010489390105500138,Standing,Standing
39,0.008087598448949029,0.09339522652511752,0.16245504834125976,0.4445056026602906,0.2748837110007148,0.01667281302366843,Standing,Standing
40,0.004755822376419614,0.0774279380944012,0.09067654883138553,0.5519233966198046,0.26106698426732017,0.014149309810668748,Standing,Standing
41,0.002478601389392857,0.036692404621138104,0.05772392543079571,0.6423948674305057,0.25325022638598776,0.007459974742179987,Standing,Standing
42,0.0022252024139140527,0.03847934431699865,0.09533486011099461,0.3872120606967252,0.47025633263119904,0.00649219983016835,Walking,Standing
43,0.003462597542990365,0.06151353334973891,0.11423733782133144,0.42344526520339343,0.38677929295364405,0.010561973128901706,Walking,Standing
44,0.0024680620657100438,0.03391535785860411,0.10383451283496582,0.461917112364331,0.38966927405936624,0.00819568081702295,Walking,Standing
45,0.0018858184709326818,0.023873298618537733,0.06597703256975625,0.6409680185218417,0.2618408399723718,0.005454991846559559,Standing,Standing
46,0.004171277478913129,0.06142035581389966,0.0905671930708327,0.2980855882542585,0.5336247173110056,0.012130868071090402,Walking,Standing
47,0.0029718435156885097,0.03914415942112153,0.10284230344175695,0.5149552944616484,0.32940644298347177,0.01067995617631297,Standing,Standing
48,0.004102214860769298,0.03322891699402897,0.13131081569944572,0.467342418399076,0.3565245355590077,0.0074910984876723164,Standing,Standing
49,0.002994464096023448,0.054128561083115936,0.08998140351509147,0.5316479070116624,0.3127771009319586,0.00847056336214844,Standing,Standing
50,0.0038626263656075604,0.05726637061150889,0.11696106505453856,0.4832638478369465,0.3269844301223705,0.011661660009027595,Standing,Standing
51,0.0069043556733840985,0.08720254012790539,0.08827299689413563,0.4353019606072957,0.3624382960992023,0.019879850598077092,Walking,Standing
52,0.00769583350072996,0.1088111363217421,0.17782932119795208,0.3711431999210856,0.3120710532566462,0.022449455801843588,Walking,Standing
53,0.004961082763963842,0.07628837179974318,0.11171061433332422,0.5460780636584969,0.2443960267897696,0.01656584065470282,Standing,Standing
54,0.0047023803175952105,0.34857092230591474,0.01040413646926706,0.009302509507421723,0.011649304536101598,0.6153707468636995,Wheeling,Wheeling
55,0.005931593853124094,0.023693339005599102,0.03280960778256301,0.015723127448394752,0.028976490523255023,0.8928658413870642,Wheeling,Wheeling
56,0.005112309644943598,0.005739763653996824,0.006164282829477608,0.0006096238703282166,0.00544205714956849,0.9769319628516854,Wheeling,Wheeling
57,0.0019436996326242526,0.4178638063064712,0.006809800515579965,0.006909963404005297,0.008196080880796493,0.5582766492605227,Wheeling,Wheeling
58,0.003507453389638613,0.15817534065527714,0.008212922398517513,0.025907953583350712,0.009151484841226366,0.7950448451319899,Wheeling,Wheeling
59,0.001826672759953646,0.22936476398487268,0.00636373874550418,0.007135900138902586,0.009194827257675323,0.7461140971130916,Wheeling,Wheeling
60,0.0020382293849685886,0.08370037963142227,0.004798363355280263,0.005926623329098848,0.007321151408436394,0.8962152528907937,Wheeling,Wheeling
61,0.0034382981959487705,0.05658723908467634,0.004435728924864389,0.01490435774397235,0.006661961385102009,0.9139724146654361,Wheeling,Wheeling
62,0.002762964765318466,0.13039859838656032,0.005496126860400133,0.015461859606621668,0.007571569383586853,0.8383088809975129,Wheeling,Wheeling
63,0.005302935405981307,0.019381437750743385,0.030407397151902195,0.024002713694171198,0.03160211424180944,0.8893034017553921,Wheeling,Wheeling
64,0.0016975080104063834,0.22780072275386767,0.004087860227308501,0.0026930802648028984,0.005106476585226803,0.7586143521583874,Wheeling,Wheeling
65,0.0017456870346842367,0.14547446115763432,0.00370569080935862,0.004642607926574022,0.007038185724046433,0.8373933673477026,Wheeling,Wheeling
66,0.0016229156162664655,0.3484812927744125,0.004717744013694996,0.00370246516097995,0.0064037471105641815,0.6350718353240821,Wheeling,Wheeling
67,0.002448865190172697,0.22665408953927305,0.0032897144388494177,0.006705382439476276,0.0055888674751358915,0.7553130809170926,Wheeling,Wheeling
68,0.0031698964079459073,0.1770071343548233,0.004901977880621664,0.0179135917136467,0.007417379092894997,0.789590020550067,Wheeling,Wheeling
69,0.0028274961715539213,0.08027177449223695,0.014574464447466044,0.01684492154107671,0.017859483920943536,0.8676218594267232,Wheeling,Wheeling
70,0.002380793617044494,0.08133083621009153,0.012732352665082805,0.011981442298374147,0.01491248202987173,0.8766620931795356,Wheeling,Wheeling
71,0.001734218870792652,0.4109376800294701,0.0038153330598744606,0.00693733588749887,0.005529936635245515,0.5710454955171181,Wheeling,Wheeling
72,0.0024296347720726788,0.2537379990301295,0.003891064119755709,0.0040085708095259475,0.0038640201052502865,0.732068711163266,Wheeling,Wheeling
73,0.009369029022444726,0.09893293800662165,0.06310145063005773,0.07483594497060736,0.05822353247424934,0.6955371048960193,Wheeling,Wheeling
74,0.005108688301296617,0.04293443480994928,0.0240760228515553,0.03627293745190083,0.027886489294401014,0.8637214272908973,Wheeling,Wheeling
75,0.007575127129903909,0.36674342739089116,0.015804897899584506,0.07705897476232042,0.02101581207436481,0.5118017607429353,Wheeling,Wheeling
76,0.016249867382483244,0.11990110653497517,0.09435777212585043,0.015139214201651974,0.5598056169476968,0.19454642280734238,Walking,Wheeling
77,0.0017394936215083502,0.011319308738117815,0.3128589461960543,0.012316390504579028,0.6604651607800139,0.0013007001597269794,Walking,Walking
78,0.0013324655624837674,0.0013563424337191177,0.13854757011085217,0.043178149739180854,0.8146629809106584,0.0009224912431056453,Walking,Walking
79,0.02062552625966163,0.049736049635470216,0.08831578156755869,0.1985978329999869,0.6117315657896952,0.030993243747627124,Walking,Walking
80,0.0004026575092455187,0.0016491921941220158,0.012681071218854038,0.0198864393857722,0.964762417918679,0.0006182217733275213,Walking,Walking
81,0.00020315510367040045,6.83523662346997e-05,0.0019397346683118807,0.005499614231656698,0.9922037228745053,8.54207556210398e-05,Walking,Walking
82,0.000420910166384643,0.00017715772960938514,0.005786098033740276,0.006797679582140266,0.986653440356709,0.0001647141314165099,Walking,Walking
83,0.0006770651295783655,9.0557104723163e-05,0.002136701888290104,0.0021596282486155147,0.9947041160012442,0.00023193162754877458,Walking,Walking
84,0.0004732356515105583,0.00013141790492947645,0.014171295436207062,0.003816951086835025,0.9812426286202683,0.00016447130024949204,Walking,Walking
85,0.00023641484323433178,5.072410547007375e-05,0.0017805439127855681,0.0003323764117314961,0.9975064213775977,9.351934918091625e-05,Walking,Walking
86,0.0009000862013575198,0.000665650718868951,0.01928614040570895,0.00619594154595391,0.972567247290833,0.00038493383727764317,Walking,Walking
87,0.0004982401863026823,8.974115913694152e-05,0.0045711932260733106,0.00027336027749002114,0.9942032945357279,0.0003641706152689791,Walking,Walking
88,0.0008532642557830011,0.0009856205320556495,0.05469878036092458,0.012166181815592682,0.9302671203400371,0.0010290326956072537,Walking,Walking
89,0.0004406872718391946,0.0009785916060071863,0.008714108143772943,0.007322988842400409,0.9816135354621522,0.0009300886738279843,Walking,Walking
90,0.0004302360838572326,0.00024946688997872884,0.012537507904186673,0.006982677449206404,0.9794861141621333,0.0003139975106376973,Walking,Walking
91,0.0007272664892073395,0.0009813039784016223,0.016241778724469146,0.010047950766622788,0.9714175609886287,0.0005841390526707323,Walking,Walking
92,0.0007230282715490362,0.0010048780339181383,0.01614306774360373,0.008391051987990372,0.9731864430242139,0.0005515309387249931,Walking,Walking
93,0.0007540684500230354,0.00013941689953721534,0.0033870579742254396,0.00045216463056760775,0.994807722248175,0.00045956979747149114,Walking,Walking
94,0.00048725708758423105,0.00023749374683325913,0.0051659726558750275,0.0032098460575251805,0.9903663416546512,0.0005330887975310005,Walking,Walking
95,0.00036659311077816715,5.423617429767506e-05,0.0037196997473102687,0.00018923117065222845,0.9954355317181143,0.00023470807884730068,Walking,Walking
96,0.0003752877642812349,0.0003408152484046164,0.00017672127665744957,0.00033333724437519826,0.9977601777149281,0.001013660751353748,Walking,Walking
97,0.0006412168351501332,6.419786691264052e-05,0.0013572142384432986,0.00011931681468719326,0.9970997897230263,0.0007182645217799965,Walking,Walking
98,0.0013960203245069426,0.0007551481576266956,0.009809899874104912,0.0004773685038384279,0.9858538415035687,0.0017077216363544595,Walking,Walking
99,0.001706484824374777,0.005236670264682249,0.034473501947717325,0.02687944123634374,0.9282873279276318,0.0034165737992497714,Walking,Walking
100,0.003853128050585569,0.03323209047823143,0.13257079128658256,0.5602400674468504,0.26499470431661765,0.005109218421132397,Standing,Walking
101,0.003699461409060546,0.030468215361528026,0.21251173761620754,0.11617867460741303,0.6289592387906967,0.008182672215094626,Walking,Walking
102,0.001690878398897467,0.010738095923915487,0.0240829422553812,0.0024292156994078226,0.9565274622684528,0.0045314054539454035,Walking,Walking
103,0.0011713061526111212,0.0017921636072957125,0.07673201199598353,0.01904795704993273,0.8993051242444,0.0019514369497767214,Walking,Walking
104,0.0012442877033605594,0.0005189622438099976,0.112580454274982,0.012157736469866795,0.8730110579074547,0.0004875014005257953,Walking,Walking
105,0.059238287140258715,0.6309787145577291,0.013034504238232911,0.019332066101617532,0.010910646368299762,0.2665057815938618,Sitting,Sitting
106,0.000535859192154324,0.22423403059990063,0.0002737902486498246,0.00015352897924741807,0.0006968394344489243,0.7741059515455985,Wheeling,Sitting
107,0.0008982633231446802,0.49437532297975856,0.0004760223554011494,0.00014703121290164783,0.0007342994439354333,0.5033690606848588,Wheeling,Sitting
108,0.0010631554762042489,0.14446450223290358,0.00026781845786866287,0.00013846120892875604,0.0006696580231686448,0.853396404600926,Wheeling,Sitting
109,0.0007789569992818535,0.029373125017105796,0.00010678731588811484,0.00010997377460574573,0.0003036129747918215,0.9693275439183267,Wheeling,Sitting
110,0.0009226534890306375,0.10696134806645513,0.0006239295530691164,0.00020895112585629836,0.0011889516877125832,0.8900941660778764,Wheeling,Sitting
111,0.0009198506934634034,0.06482783135766161,0.0006192616233237177,0.00019846663762504714,0.001131473316305675,0.9323031163716209,Wheeling,Sitting
112,0.000496934301240678,0.10716161275096539,0.00012117525558143585,7.916174390878444e-05,0.00037481663711064303,0.891766299311193,Wheeling,Sitting
113,0.0012115755477613453,0.7803282950618715,0.000399430056060322,5.1416506676963214e-05,0.0003866933240883389,0.21762258950354146,Sitting,Sitting
114,0.0015246075556657008,0.4041337515703616,0.00030682113153936564,0.00010413343741619228,0.00032801389328660245,0.5936026724117305,Wheeling,Sitting
115,0.002621583557718715,0.7123818684714162,0.0004090805073656689,0.00015578554337642608,0.00042332798648545076,0.28400835393363766,Sitting,Sitting
116,0.002744129566511605,0.2146921132522924,0.00022789695852807213,0.0002895817666709312,0.00025407243769656117,0.7817922060183007,Wheeling,Sitting
117,0.002360705318768095,0.6799973057644336,0.0002622419472605596,8.977382014278348e-05,0.0005326987078050345,0.31675727444159013,Sitting,Sitting
118,0.003954826925358544,0.006314848637649636,0.0012813186680490354,0.002769041456931368,0.0024758369428590664,0.9832041273691529,Wheeling,Wheeling
119,0.0013400376037395296,0.012132007981192116,0.0005985174664304923,0.00022600682517443137,0.0005394659070166508,0.9851639642164471,Wheeling,Wheeling
120,0.0014989073123909185,0.00792637454414963,0.0017772020056999246,0.0005880703299301069,0.0017919203669281977,0.9864175254409012,Wheeling,Wheeling
121,0.0011504648141664985,0.0133242602757887,0.000832423106675663,0.00022654827917386184,0.0007279544058113946,0.9837383491183841,Wheeling,Wheeling
122,0.0011331185918712853,0.04366156417631556,0.0011012943590448093,0.0005978436610014786,0.0011419516570155103,0.9523642275547516,Wheeling,Wheeling
123,0.001961187315311705,0.03400023068554555,0.001493528714880335,0.0011823053140826803,0.001255442694749524,0.9601073052754305,Wheeling,Wheeling
124,0.001607221873958512,0.013286594291185998,0.0006060941940036648,0.0004333657112618215,0.0005676439439924997,0.9834990799855973,Wheeling,Wheeling
125,0.0017408627855687007,0.06243860434125793,0.010061162210081893,0.0025920733501302163,0.007550767097624896,0.9156165302153365,Wheeling,Wheeling
126,0.002216939492538918,0.016232978387440294,0.003194925311462141,0.002484560432052691,0.0029878345890055045,0.9728827617875003,Wheeling,Wheeling
127,0.0016785561357640587,0.03611771454554513,0.0014448593571666443,0.0006170050474849604,0.0012170522912148662,0.9589248126228239,Wheeling,Wheeling
128,0.0017540758439748795,0.04764272164770397,0.0011872909881646527,0.0010165484375960457,0.001071043323885284,0.947328319758675,Wheeling,Wheeling
129,0.003621008315985413,0.00480270630761487,0.0026878436261648588,0.0012900990869085065,0.0017056118306292523,0.9858927308326971,Wheeling,Wheeling
130,0.001445954624167632,0.017367185821322177,0.001580011958761826,0.0005949298067348277,0.0014276621208366537,0.9775842556681767,Wheeling,Wheeling
131,0.0018751624100062547,0.012335873175306253,0.0010583101185681798,0.0004991992355188063,0.000797560178478419,0.9834338948821226,Wheeling,Wheeling
132,0.001233207045966067,0.018052262493053795,0.0012900365508216804,0.0002692057722664597,0.000994088843074704,0.9781611992948173,Wheeling,Wheeling
133,0.0019202921642332087,0.012154927337310478,0.0008172999300135307,0.00035252944244410124,0.000587395483645084,0.9841675556423531,Wheeling,Wheeling
134,0.0011592617491353097,0.021613932837177583,0.0004925052189196906,0.00011412066335007375,0.00029903926863905384,0.9763211402627783,Wheeling,Wheeling
135,0.0030457961367955735,0.04600812751305947,0.002787985019121143,0.0009199830869318112,0.0015646267028067617,0.9456734815412852,Wheeling,Wheeling
136,0.001663355120044385,0.08020464643127762,0.006827984359398281,0.003878884075170049,0.006224280094216878,0.9012008499198928,Wheeling,Wheeling
137,0.0017793593730039395,0.030511606945123792,0.0023727265060502056,0.0023983371387786188,0.002342177125500083,0.9605957929115436,Wheeling,Wheeling
138,0.0020786478054995597,0.03526740160991366,0.0011893041289490502,0.0022488625798254063,0.0013254937504813792,0.957890290125331,Wheeling,Wheeling
139,0.001718794205244763,0.012121361344551489,0.0030351169229259206,0.00200085052676044,0.003761151852463168,0.9773627251480544,Wheeling,Wheeling
140,0.0012128412467162953,0.03122207330892515,0.0012913092751473524,0.0005277911512059479,0.0010889218827805803,0.9646570631352247,Wheeling,Wheeling
141,0.9979984189221557,0.0004090747757086178,0.0003827817846829687,0.00013745503533536262,0.0006670743909294888,0.0004051950911877276,Lying,Lying
142,0.9828475502017893,0.007124287052329288,0.0012785208529114676,0.003549342694920916,0.0011205564248406776,0.004079742773208431,Lying,Lying
143,0.9472782986845841,0.028646322270683273,0.0009704449266776897,0.008751969808444442,0.002229691980638486,0.012123272328971575,Lying,Lying
144,0.9117086215890385,0.04859981924779827,0.001004000322610429,0.007766250264744525,0.0016230172695805803,0.029298291306227478,Lying,Lying
145,0.9277784634056035,0.03649269165436287,0.002261753400763788,0.011009087579812967,0.0046468866151229546,0.017811117344333955,Lying,Lying
146,0.9711171677257311,0.019449841098005224,8.388778654034448e-05,0.0026446707911449044,0.0004707132355469355,0.006233719363031395,Lying,Lying
147,0.9167271164961993,0.041752021255302765,0.00266499118650642,0.010240816237216609,0.004069019517723568,0.024546035307051142,Lying,Lying
148,0.9167271164961993,0.041752021255302765,0.00266499118650642,0.010240816237216609,0.004069019517723568,0.024546035307051142,Lying,Lying
149,0.9167271164961993,0.041752021255302765,0.00266499118650642,0.010240816237216609,0.004069019517723568,0.024546035307051142,Lying,Lying
150,0.9167271164961993,0.041752021255302765,0.00266499118650642,0.010240816237216609,0.004069019517723568,0.024546035307051142,Lying,Lying
151,0.9167271164961993,0.041752021255302765,0.00266499118650642,0.010240816237216609,0.004069019517723568,0.024546035307051142,Lying,Lying
152,0.9167271164961993,0.041752021255302765,0.00266499118650642,0.010240816237216609,0.004069019517723568,0.024546035307051142,Lying,Lying
153,0.9167271164961993,0.041752021255302765,0.00266499118650642,0.010240816237216609,0.004069019517723568,0.024546035307051142,Lying,Lying
154,0.9167271164961993,0.041752021255302765,0.00266499118650642,0.010240816237216609,0.004069019517723568,0.024546035307051142,Lying,Lying
155,0.9167271164961993,0.041752021255302765,0.00266499118650642,0.010240816237216609,0.004069019517723568,0.024546035307051142,Lying,Lying
156,0.9167271164961993,0.041752021255302765,0.00266499118650642,0.010240816237216609,0.004069019517723568,0.024546035307051142,Lying,Lying
157,0.9167271164961993,0.041752021255302765,0.00266499118650642,0.010240816237216609,0.004069019517723568,0.024546035307051142,Lying,Lying
158,0.9167271164961993,0.041752021255302765,0.00266499118650642,0.010240816237216609,0.004069019517723568,0.024546035307051142,Lying,Lying
159,0.9167271164961993,0.041752021255302765,0.00266499118650642,0.010240816237216609,0.004069019517723568,0.024546035307051142,Lying,Lying
160,0.9167271164961993,0.041752021255302765,0.00266499118650642,0.010240816237216609,0.004069019517723568,0.024546035307051142,Lying,Lying
161,0.9167271164961993,0.041752021255302765,0.00266499118650642,0.010240816237216609,0.004069019517723568,0.024546035307051142,Lying,Lying
162,0.9167271164961993,0.041752021255302765,0.00266499118650642,0.010240816237216609,0.004069019517723568,0.024546035307051142,Lying,Lying
163,0.9167271164961993,0.041752021255302765,0.00266499118650642,0.010240816237216609,0.004069019517723568,0.024546035307051142,Lying,Lying
164,0.9167271164961993,0.041752021255302765,0.00266499118650642,0.010240816237216609,0.004069019517723568,0.024546035307051142,Lying,Lying
165,0.008383700320574264,0.025712269065730865,0.14227859593811626,0.5372188730776325,0.27593167607877417,0.010474885519172476,Standing,Standing
166,0.00371302225627372,0.015489323673126438,0.03676584613062921,0.9110387622835714,0.0313170886177612,0.0016759570386380314,Standing,Standing
167,0.005863615717404546,0.020473227183833268,0.052248190644497525,0.889288600671401,0.028224440416107804,0.0039019253667557,Standing,Standing
168,0.0023108349048453596,0.01851684458005671,0.018847457820630593,0.918958920190532,0.03868201314587344,0.002683929358062199,Standing,Standing
169,0.0027858389013153966,0.011645091197374861,0.019508748116991655,0.9224009228137872,0.041177609571643466,0.00248178939888738,Standing,Standing
170,0.004903369901928724,0.03506365914501184,0.10000818810630817,0.7969293321275845,0.05765418163874284,0.005441269080423671,Standing,Standing
171,0.003767354787409403,0.014959091528586066,0.03158340729066097,0.8975742478354762,0.048020190107439936,0.004095708450427436,Standing,Standing
172,0.004437448506801054,0.023628979606620172,0.06911019885137815,0.8575300090138659,0.042168993660076044,0.0031243703612590097,Standing,Standing
173,0.004567586788234512,0.006879467948675722,0.012146661855725903,0.9447405992723199,0.030399699724878472,0.0012659844101649668,Standing,Standing
174,0.004036150826497467,0.0197353932800513,0.05460716870128449,0.8659604064124544,0.053767954435680165,0.0018929263440321214,Standing,Standing
175,0.0031278187844594025,0.013566176745219212,0.033800755770699284,0.9120065459254629,0.0358347864849949,0.001663916289164446,Standing,Standing
176,0.0024123060884586535,0.019938131803410513,0.015466177681419889,0.8843105098499535,0.07535250806981313,0.0025203665069443437,Standing,Standing
177,0.004377405454200886,0.013471100284927314,0.02068815090916957,0.9135287274196884,0.046080127730298466,0.001854488201715521,Standing,Standing
178,0.003320925476850783,0.012620790551011337,0.01711208677530772,0.930611236032885,0.0347680863314989,0.001566874832445955,Standing,Standing
179,0.003050468720431111,0.020873812430371376,0.015058337736356304,0.8660070114742133,0.09107488758779182,0.003935482050835839,Standing,Standing
180,0.002988835841528353,0.0003145516086418392,0.18875935240860423,0.0026507862993300647,0.804615083447399,0.0006713903944967791,Walking,Walking
181,0.002379888489206821,0.006947071133206548,0.033583342096930736,0.8288556985636699,0.12774693794378889,0.000487061773196876,Standing,Walking
182,0.0012399761566839163,0.0011768923504336145,0.027642722503751445,0.06281514097222375,0.9057067784861965,0.001418489530710915,Walking,Walking
183,0.002546194051779518,0.0001567455938540525,0.4445300558770389,0.0014708462362213433,0.5509477308934596,0.0003484273476466363,Walking,Walking
184,0.012062866763712198,0.003001933854288709,0.962480478375083,0.009196653115812982,0.004428096479816481,0.008829971411286167,StairClimbing,Walking
185,0.012581500202163283,0.004929568822712559,0.29777236618616476,0.2709769621593654,0.3965031205614208,0.017236482068173534,Walking,Walking
186,0.008604098407022889,0.006126989824698387,0.1971454159570208,0.10631474333537529,0.6732223868402225,0.008586365635659728,Walking,Walking
187,0.0016480182595888313,0.0015246324429055655,0.06446313149566171,0.02912871763601281,0.9002478894686478,0.002987610697183487,Walking,Walking
188,0.02508497368879138,0.0020339075960347335,0.19069503311369101,0.005323776783055492,0.7719030736333012,0.004959235185126159,Walking,Walking
189,0.006958653232567785,0.001920167087705526,0.3533913864320536,0.0646690320362058,0.5689740774169026,0.00408668379456427,Walking,Walking
190,0.0033690426658574526,0.0007191001684723688,0.09091739686543904,0.013218788921844887,0.8890094841225891,0.0027661872557972872,Walking,Walking
191,0.0023989834632864022,0.0001612085744488929,0.015430069593462185,0.002141379866736274,0.9780673392098461,0.0018010192922198682,Walking,Walking
192,0.018025091883352235,0.0014637608744703507,0.3545269239154623,0.0034366127222140667,0.6184729041981603,0.00407470640634118,Walking,Walking
193,0.0073371082845349695,0.0031349950075696136,0.2848581811236331,0.07858456209202724,0.616733707323418,0.009351446168816942,Walking,Walking
194,0.002147792581868911,0.0013374154783263132,0.0392797212509247,0.03415079673388571,0.9181516105353181,0.004932663419676015,Walking,Walking
195,0.00801131652044606,0.005521580625572612,0.1754133900376191,0.08256505199492863,0.7206943520788475,0.007794308742586136,Walking,Walking
196,0.0017339600691928627,0.0032702581221323045,0.06458534990053912,0.009397596125030772,0.9117768548264287,0.009235980956676078,Walking,Walking
197,0.003501956124070041,0.0004166478744005483,0.07855256070751161,0.008358260480636837,0.9087320220273366,0.00043855278604417364,Walking,Walking
198,0.0013400549093873452,0.00038386536250657136,0.01094280964860351,0.005987246650640584,0.9804439574244099,0.0009020660044521872,Walking,Walking
199,0.0017928766683404903,0.0005646154615708242,0.035812598964268264,0.012421458789555076,0.9489085771062836,0.0004998730099816371,Walking,Walking
200,0.0015036521690175043,0.00026674516306945587,0.0522241262301201,0.01526191012733654,0.9301750524403501,0.0005685138701063313,Walking,Walking
201,0.001988342517366195,0.0001679808528863239,0.036885304351168616,0.003696890429052326,0.9569146993239043,0.0003467825256220728,Walking,Walking
202,0.0016300316837884,0.0002740126987094804,0.00584712587565633,0.004168419244531132,0.9877265749815579,0.00035383551575686743,Walking,Walking
203,0.003488255493049699,0.00025475809574782417,0.04683326698435064,0.002470327865538676,0.946094578166783,0.000858813394530071,Walking,Walking
204,0.0028656989335458095,0.0017675034525086039,0.08009653395155879,0.04706371507540654,0.8657338853839714,0.002472663203008712,Walking,Walking
205,0.0031798094545978173,0.0029808025650983794,0.0710769933533494,0.03740017898744381,0.8821579575909256,0.003204258048584885,Walking,Walking
206,0.0014563085266999032,0.0007220897025775119,0.032273107715443734,0.023898224775507067,0.9409790962139589,0.0006711730658126097,Walking,Walking
207,0.0013364382944813934,0.00028292594201112173,0.016216226805057764,0.0036810267326047746,0.9781570229475155,0.0003263592783298079,Walking,Walking
208,0.0011971981791063767,0.0015991981557342753,0.030509885764963395,0.02726581552119366,0.9379933775778544,0.0014345248011478737,Walking,Walking
209,0.002798400849072823,0.0006093545163553761,0.003777431503862738,0.004563606944391769,0.9869213912747621,0.0013298149115552485,Walking,Walking
210,0.001565249851139695,0.0006225385874089685,0.08996970717690601,0.020720152966848118,0.8863147033815426,0.0008076480361550802,Walking,Walking
211,0.009937452515571153,0.002500015905258062,0.427729837546756,0.17392844404325553,0.3730218815089277,0.01288236848023157,StairClimbing,Walking
212,0.009443602236515546,0.0007143808224951452,0.2169512485361543,0.004942512039801735,0.7662699377760704,0.0016783185889627586,Walking,Walking
213,0.0028870363160571127,0.00036509637043389816,0.06629185817711289,0.006592222495613022,0.9221509076907037,0.0017128789500794235,Walking,Walking
214,0.003929431194902342,0.0017708978159449973,0.18095612672623854,0.030614998193431987,0.7814998133780107,0.0012287326914714252,Walking,Walking
215,0.0040709491519141106,0.0003555929908943099,0.12185049935346774,0.0032518728907649725,0.8697061480193821,0.0007649375935766089,Walking,Walking
216,0.008209314632390389,0.0024841816571818196,0.33841839348509467,0.011136015067378087,0.6384878933055894,0.001264201852365674,Walking,Walking
217,0.007430579734706692,0.0011311605007136769,0.24873580765698666,0.009651231892021264,0.7317189758497532,0.0013322443658178732,Walking,Walking
218,0.00625957912367955,0.0008513067390618319,0.38247243244635937,0.010585179879821898,0.5984801943261292,0.0013513074849481634,Walking,Walking
219,0.0038923114982160876,0.0004246865603160673,0.09173549685483094,0.0027719950365258693,0.9005117316315461,0.0006637784185650526,Walking,Walking
220,0.005120806744440047,0.0016134958955433534,0.0954974820764733,0.014638639762755992,0.88040579254156,0.002723782979227365,Walking,Walking
221,0.0096742239135445,0.017754814666266383,0.19430188404789256,0.03188585410787511,0.7406919716487741,0.0056912516156474215,Walking,Walking
222,0.003472571780522163,0.0033963877801600852,0.09437200995307088,0.024212711186557257,0.8692732696144952,0.0052730496851946486,Walking,Walking
223,0.003866896546802061,0.0005593669891450952,0.19375590357155648,0.004919099998712947,0.7956552932989241,0.0012434395948592645,Walking,Walking
224,0.0016720578360447992,0.00028279414194279736,0.034910838507225025,0.007847794234684244,0.9545385386412576,0.0007479766388456205,Walking,Walking
225,0.001345249122294125,0.0013301349044510242,0.050083404049697376,0.0012844589003206145,0.9452948730755606,0.0006618799476759721,Walking,Walking
226,0.001419376230706783,0.005233317568627047,0.05426352629729522,0.009137614694109036,0.9282336423761715,0.0017125228330911377,Walking,Walking
227,0.0029476264290668546,0.0007779250343591857,0.04559608399482401,0.0012654016381929752,0.9489715609792782,0.0004414019242790405,Walking,Walking
228,0.0015187345828013518,0.0005052928949884465,0.05018268520307036,0.00022466366188171654,0.9471653418134017,0.0004032818438564926,Walking,Walking
229,0.004204236251248317,0.0005993805242387869,0.10296665552967861,0.0005953287855708974,0.8909837336181088,0.0006506652911547011,Walking,Walking
230,0.004463074196522376,0.002295163904795798,0.1500196194901651,0.003584237504000826,0.8384791096116885,0.0011587952928277159,Walking,Walking
231,0.004044953105782831,0.0027559776468089807,0.17383807250417893,0.004331484560251461,0.8138962094313803,0.001133302751597238,Walking,Walking
232,0.0018241029238276034,0.002913810658703213,0.09969180778123177,0.0007593675466904381,0.8936595409685294,0.0011513701210173139,Walking,Walking
233,0.0018759275684921584,0.0018005809774056674,0.0665566823291108,0.0017909371139160776,0.9274676746797356,0.0005081973313393981,Walking,Walking
234,0.0021064338391065984,0.0020735271789678548,0.03940899744133887,0.005557997306841723,0.950233572819848,0.0006194714138969222,Walking,Walking
235,0.004158015327979755,0.015654538694778668,0.5036202740227081,0.019271879362898137,0.4539373811856424,0.0033579114059928685,StairClimbing,Walking
236,0.0036058944291249696,0.0017747296935322616,0.045600639066275726,0.00040750459781575295,0.9457958937872166,0.002815338426034749,Walking,Walking
237,0.00661235367669661,0.020289326456618517,0.033804166474528115,0.8871205215822385,0.027229464037783827,0.024944167772134047,Standing,Standing
238,0.005483702198046101,0.010826130076144856,0.015310379708390635,0.9360207471913524,0.023565808447494736,0.008793232378571022,Standing,Standing
239,0.0046021859739063305,0.008879627209426815,0.013847536706441649,0.9460311365548316,0.01788816488005871,0.008751348675334983,Standing,Standing
240,0.003589422081668731,0.0092435860525888,0.015248352457371387,0.9400728686358172,0.027024095058895362,0.004821675713657991,Standing,Standing
241,0.0033335287395186326,0.009068661092656591,0.013956700699297104,0.9433121918605274,0.024132611461313052,0.006196306146687172,Standing,Standing
242,0.006241064082140968,0.015749910001853877,0.019497345664945053,0.8964981521657102,0.04808143193984245,0.013932096145507515,Standing,Standing
243,0.0042617229863721635,0.01189156112888754,0.03272827079002126,0.9189783775197594,0.023549518215138145,0.008590549359821412,Standing,Standing
244,0.004445470767542651,0.01606108244167815,0.014762401703223047,0.9048381607501069,0.047110377334187985,0.012782507003260876,Standing,Standing
245,0.006093306375488292,0.008687003228237133,0.016033265649500306,0.939344522041202,0.02405902025566137,0.005782882449911401,Standing,Standing
246,0.006992727991579532,0.01185028928795356,0.027409522009069483,0.9207207545771777,0.02876828073238163,0.004258425401837957,Standing,Standing
247,0.003511399721035028,0.020233457054879524,0.021654465468678743,0.8865029250626492,0.0534828704790659,0.014614882213691395,Standing,Standing
248,0.00400080019621646,0.008700362128097756,0.006270425524156959,0.9507737103269481,0.026269476633716003,0.003985225190864396,Standing,Standing
249,0.004524068553910797,0.011378794798561678,0.018404454924374376,0.9308866633741754,0.028705537060527746,0.0061004812884502225,Standing,Standing
250,0.003762303618339482,0.013922874441362932,0.010684755743370843,0.9334687855545055,0.032902848863615455,0.005258431778805712,Standing,Standing
251,0.0028662508929617357,0.013580115758491157,0.020355930964900914,0.9100168711029283,0.03827542988980505,0.01490540139091266,Standing,Standing
252,0.005633267661121929,0.013061745777136376,0.018400991413839697,0.9279634172564124,0.029414958798963914,0.005525619092525416,Standing,Standing
253,0.0024013335849005653,0.04350901029755216,0.02076491425523515,0.8994127990991442,0.027749648621188117,0.0061622941419800185,Standing,Standing
254,0.005884280102283638,0.6426475723439051,0.019516889088949288,0.3082124550110487,0.017487763936980993,0.006251039516832127,Sitting,Standing
255,0.005884280102283638,0.6426475723439051,0.019516889088949288,0.3082124550110487,0.017487763936980993,0.006251039516832127,Sitting,Standing
256,0.005884280102283638,0.6426475723439051,0.019516889088949288,0.3082124550110487,0.017487763936980993,0.006251039516832127,Sitting,Standing
257,0.005884280102283638,0.6426475723439051,0.019516889088949288,0.3082124550110487,0.017487763936980993,0.006251039516832127,Sitting,Standing
258,0.9930979329696719,0.001888189300638058,0.0019347212444090181,0.0008732743265286296,0.0011757558737573567,0.00103012628499526,Lying,Lying
259,0.9861100585964555,0.003732719550137765,0.00250783893510861,0.001946542076171139,0.0021706908238571005,0.003532150018269919,Lying,Lying
260,0.9820204753765168,0.0111109169343937,0.0006826069030877927,0.002447873478014641,0.0015728140004325267,0.0021653133075547463,Lying,Lying
261,0.9838493341590399,0.00552124696400727,0.00224140997384013,0.0023998010768062116,0.0026069775358151695,0.0033812302904911826,Lying,Lying
262,0.9926699113705056,0.0035578263520195264,0.0009590543493804466,0.0010693413472564236,0.0007025588055009304,0.0010413077753368052,Lying,Lying
263,0.9851249011532427,0.008357704199474847,0.0009141654271805676,0.0018568985319353214,0.001778767271993908,0.001967563416172569,Lying,Lying
264,0.9927197080835618,0.00293204462933808,0.001152783902090704,0.0011178955033834073,0.0008576826647779178,0.0012198852168480998,Lying,Lying
265,0.9901434114435329,0.00309789242871262,0.002044514587885596,0.001369432689075739,0.0014511039021759978,0.00189364494861713,Lying,Lying
266,0.9852550968902881,0.006425280854669235,0.0015160611785613514,0.002090876366048291,0.0020812846125935337,0.0026314000978393606,Lying,Lying
267,0.995403027479436,0.00037717039682593493,0.0005209381669193433,1.920590794120404e-05,0.000816118255007055,0.0028635397938704204,Lying,Lying
268,0.9756636061057606,0.006791882275711975,0.006439859180401321,0.002616488066064639,0.004504362563176766,0.003983801808884875,Lying,Lying
269,0.9756636061057606,0.006791882275711975,0.006439859180401321,0.002616488066064639,0.004504362563176766,0.003983801808884875,Lying,Lying
270,0.9756636061057606,0.006791882275711975,0.006439859180401321,0.002616488066064639,0.004504362563176766,0.003983801808884875,Lying,Lying
271,0.9756636061057606,0.006791882275711975,0.006439859180401321,0.002616488066064639,0.004504362563176766,0.003983801808884875,Lying,Lying
272,0.9756636061057606,0.006791882275711975,0.006439859180401321,0.002616488066064639,0.004504362563176766,0.003983801808884875,Lying,Lying
273,0.9756636061057606,0.006791882275711975,0.006439859180401321,0.002616488066064639,0.004504362563176766,0.003983801808884875,Lying,Lying
274,0.9756636061057606,0.006791882275711975,0.006439859180401321,0.002616488066064639,0.004504362563176766,0.003983801808884875,Lying,Lying
275,0.9756636061057606,0.006791882275711975,0.006439859180401321,0.002616488066064639,0.004504362563176766,0.003983801808884875,Lying,Lying
276,0.9756636061057606,0.006791882275711975,0.006439859180401321,0.002616488066064639,0.004504362563176766,0.003983801808884875,Lying,Lying
277,0.009891902611453594,0.01475083923043091,0.001697523038649001,0.0030544293442985693,0.002594824014352368,0.9680104817608153,Wheeling,Wheeling
