,0,1,2,3,4,5,modelStates,target
0,0.9792347252135299,0.007018154330828023,0.0031366600177230126,0.002572912598099318,0.002868624262401028,0.005168923577418547,Lying,Lying
1,0.9121469589415934,0.009631831305446526,0.008180720864228701,0.003177233392012287,0.0017175269815780168,0.06514572851514115,Lying,Lying
2,0.9443975749283654,0.022687384599584522,0.0027752962113897274,0.0049139080585254204,0.001560528320223156,0.02366530788191144,Lying,Lying
3,0.9282348686684714,0.036901547732522515,0.003621541863907852,0.007643029382667251,0.004316519594490824,0.01928249275794038,Lying,Lying
4,0.9195257332601463,0.02375397492013865,0.003602746321127018,0.005070035478486122,0.0017917374413865294,0.04625577257871522,Lying,Lying
5,0.9506131795627645,0.003540968160716389,0.002108346631709277,0.030167549365736623,0.0011806383550696578,0.012389317924003324,Lying,Lying
6,0.9749818879252632,0.0008031279261512676,0.009576539867163005,0.0031508321016735655,0.00766993937328944,0.0038176728064591155,Lying,Lying
7,0.9255244546675613,0.04539922022242748,0.002551313493536077,0.0062679373930244415,0.0027360800186614228,0.017520994204789267,Lying,Lying
8,0.9558770864636185,0.024636030260139493,0.0030975286397173295,0.0028946707503070333,0.0008026858586113057,0.012691998027606474,Lying,Lying
9,0.935998363752853,0.027382634404158137,0.004282873910844922,0.003823529019989834,0.0013363643211585809,0.02717623459099553,Lying,Lying
10,0.9385056817556681,0.02450480932128126,0.0032622139225627483,0.003316391205697412,0.0008874583782047906,0.029523445416585834,Lying,Lying
11,0.5198420686233202,0.01625034660949091,0.012574069189650292,0.004891676692918904,0.004501444071785706,0.44194039481283404,Lying,Lying
12,0.8665493177673013,0.03682029280636793,0.005133483347210539,0.005926015769563124,0.006717372921554083,0.078853517388003,Lying,Lying
13,0.8665493177673013,0.03682029280636793,0.005133483347210539,0.005926015769563124,0.006717372921554083,0.078853517388003,Lying,Lying
14,0.8665493177673013,0.03682029280636793,0.005133483347210539,0.005926015769563124,0.006717372921554083,0.078853517388003,Lying,Lying
15,0.8665493177673013,0.03682029280636793,0.005133483347210539,0.005926015769563124,0.006717372921554083,0.078853517388003,Lying,Lying
16,0.8665493177673013,0.03682029280636793,0.005133483347210539,0.005926015769563124,0.006717372921554083,0.078853517388003,Lying,Lying
17,0.8665493177673013,0.03682029280636793,0.005133483347210539,0.005926015769563124,0.006717372921554083,0.078853517388003,Lying,Lying
18,0.8665493177673013,0.03682029280636793,0.005133483347210539,0.005926015769563124,0.006717372921554083,0.078853517388003,Lying,Lying
19,0.8665493177673013,0.03682029280636793,0.005133483347210539,0.005926015769563124,0.006717372921554083,0.078853517388003,Lying,Lying
20,0.8665493177673013,0.03682029280636793,0.005133483347210539,0.005926015769563124,0.006717372921554083,0.078853517388003,Lying,Lying
21,0.8665493177673013,0.03682029280636793,0.005133483347210539,0.005926015769563124,0.006717372921554083,0.078853517388003,Lying,Lying
22,0.8665493177673013,0.03682029280636793,0.005133483347210539,0.005926015769563124,0.006717372921554083,0.078853517388003,Lying,Lying
23,0.8665493177673013,0.03682029280636793,0.005133483347210539,0.005926015769563124,0.006717372921554083,0.078853517388003,Lying,Lying
24,0.8665493177673013,0.03682029280636793,0.005133483347210539,0.005926015769563124,0.006717372921554083,0.078853517388003,Lying,Lying
25,0.8665493177673013,0.03682029280636793,0.005133483347210539,0.005926015769563124,0.006717372921554083,0.078853517388003,Lying,Lying
26,0.025380870360571788,0.0897455408591657,0.05506796860574862,0.11944580243686677,0.15592030011179508,0.5544395176258519,Wheeling,Sitting
27,0.0110088045187978,0.6846416859810659,0.03962306510519199,0.16387399787447532,0.05740335388008239,0.04344909264038661,Sitting,Sitting
28,0.0033137895797251695,0.8471404414425404,0.020814922166358614,0.07874118641601846,0.026972861999651255,0.023016798395705904,Sitting,Sitting
29,0.0015080199870870941,0.8105155232125377,0.013171844231213616,0.13163975394919256,0.031165024543864363,0.011999834076105107,Sitting,Sitting
30,0.0037446663213935977,0.8260777023774583,0.007961449799249651,0.13048019833599528,0.011432230207728593,0.02030375295817472,Sitting,Sitting
31,0.004230101641076016,0.6555003501118298,0.03324977922992753,0.2560159963094041,0.024181471320190974,0.026822301387571933,Sitting,Sitting
32,0.005911019602836616,0.5889165934204599,0.020997237804440443,0.2503419057700979,0.09499138950866884,0.03884185389349586,Sitting,Sitting
33,0.005454703467376253,0.5842231038780706,0.018254231713025787,0.32922315834934907,0.023872995323984524,0.03897180726819362,Sitting,Sitting
34,0.004646548026155107,0.7471941840121115,0.010340234044643595,0.19258666632114826,0.016124369671024347,0.029107997924917157,Sitting,Sitting
35,0.005323157929234611,0.7062190214643624,0.013075848300570722,0.22743220096390712,0.013221788382635291,0.03472798295928961,Sitting,Sitting
36,0.018270395618835547,0.5763543369254885,0.022814208598202126,0.3128039597995148,0.008506016680659425,0.06125108237729974,Sitting,Sitting
37,0.00892043016733522,0.7491835684249383,0.010535632603828074,0.12070687942317031,0.07559786571300509,0.035055623667722934,Sitting,Sitting
38,0.006352092055900427,0.7308310708162764,0.017872262886613935,0.19424347391039024,0.012574169883487977,0.03812693044733079,Sitting,Sitting
39,0.005807548612654576,0.8427588858245182,0.0040399775869607935,0.12226811300469921,0.0021601486716738842,0.02296532629949347,Sitting,Sitting
40,0.006066228439122969,0.7694608103413008,0.019003924591165147,0.14723662634319518,0.028515230307589276,0.029717179977626844,Sitting,Sitting
41,0.005135006663126007,0.7555159752787018,0.017632971236209823,0.14558276814999774,0.044962899213874905,0.031170379458089446,Sitting,Sitting
42,0.01525587968961344,0.6905789313065502,0.023026266143238414,0.2146475160726124,0.007011316531332379,0.04948009025665322,Sitting,Sitting
43,0.005205016631702169,0.8312873493012154,0.010624874901699591,0.11827191827425274,0.007069687845744191,0.027541153045385763,Sitting,Sitting
44,0.0070479835521857,0.025685093330443123,0.06248878303622421,0.8350389203595402,0.05739183906270948,0.012347380658896949,Standing,Standing
45,0.0033800535564894587,0.01649205871603265,0.005680337990345994,0.9646063486784443,0.0050357412940017394,0.004805459764685994,Standing,Standing
46,0.0018523346764853033,0.010790934651961959,0.010034639209876742,0.9580874954155697,0.016889374856481714,0.002345221189624536,Standing,Standing
47,0.002409215951241304,0.009684872767988366,0.027931804007850704,0.9299550855870087,0.027031182204345864,0.002987839481564937,Standing,Standing
48,0.001702055991137831,0.013483223159652958,0.018110020558889224,0.9245092365837512,0.03997871239880025,0.002216751307769044,Standing,Standing
49,0.0029580210048582465,0.017119731057546717,0.009819678870412898,0.9526650911035062,0.012959323745550878,0.004478154218124846,Standing,Standing
50,0.0030734292048826433,0.008407224260544806,0.006296135057700753,0.9713877021969335,0.005481426261805963,0.005354083018132597,Standing,Standing
51,0.0019961287095006425,0.01396370237997069,0.00711785442191931,0.9551375973329026,0.019051600884095507,0.002733116271611584,Standing,Standing
52,0.002665327085608365,0.009163596952418638,0.005995429747650912,0.9671674542332009,0.01152431502281974,0.0034838769583012976,Standing,Standing
53,0.0022703484552402614,0.011917564805102301,0.007439906816442336,0.9549033533579743,0.020586164312209027,0.002882662253032006,Standing,Standing
54,0.0018698715088110644,0.010435519657761233,0.005889592480387064,0.9590207386833086,0.01991859559548715,0.0028656820742447523,Standing,Standing
55,0.000641172618756673,0.014319667448096625,0.009235144211684783,0.866935113388405,0.10698984345223772,0.001879058880819022,Standing,Standing
56,0.002085684776088558,0.010945381022598568,0.008026645216367817,0.955406633064678,0.020965612747464585,0.002570043172802208,Standing,Standing
57,0.0025653810195318443,0.010595550185950596,0.00600276547454166,0.9691360368406472,0.008201512291048523,0.0034987541882806213,Standing,Standing
58,0.0022499618790559057,0.0135114902837298,0.0169093619628731,0.947551083695564,0.0166551391432485,0.003122963035528679,Standing,Standing
59,0.0021484343605944482,0.01552883471381548,0.03689324683344244,0.8673551928431877,0.07448522924543677,0.0035890620035232638,Standing,Standing
60,0.0018339668905029743,0.016403680691805842,0.011189369626085844,0.9299918314926263,0.03800072623279478,0.002580425066184152,Standing,Standing
61,0.001960060685612082,0.016380954734109814,0.010956288908866116,0.9492993631460506,0.018683790258595505,0.0027195422667657333,Standing,Standing
62,0.002021682904923562,0.013821619936842342,0.0183001301375265,0.953625659962402,0.009218197047940505,0.003012710010365002,Standing,Standing
63,0.0017603226462707875,0.01158812566731843,0.008077209708630172,0.9659326729430914,0.010245091461718387,0.00239657757297086,Standing,Standing
64,0.001624838784424681,0.012964431844036268,0.010275299124657557,0.960831773519641,0.011870339772555734,0.0024333169546848195,Standing,Standing
65,0.0017131827014792626,0.013070270257037931,0.015160679597434432,0.9539800136839375,0.013680423791907436,0.0023954299682034334,Standing,Standing
66,0.001433207995521757,0.019310410551250896,0.020018343207076784,0.9148514465615833,0.04193718080376415,0.002449410880803424,Standing,Standing
67,0.0023870408296547117,0.021757038951609672,0.01008456371477747,0.9458251508367995,0.01628431374350267,0.0036618919236558007,Standing,Standing
68,0.0008564430333075847,0.01208902995843182,0.009217417433930192,0.9158493457612381,0.06057355514049444,0.001414208672598527,Standing,Standing
69,0.0032721000736378007,0.013163866877614139,0.007067603923448044,0.9550944769598381,0.018614060917195398,0.0027878912482664545,Standing,Standing
70,0.008002937010420633,0.019337117681524844,0.003936106235486227,0.958526267469469,0.0017211805962505532,0.00847639100684867,Standing,Standing
71,0.002288089803642032,0.020449911747496184,0.02860365809768073,0.9180700558098681,0.026715589884536727,0.0038726946567764855,Standing,Standing
72,0.010050968037154873,0.17998044323843104,0.006284830665442997,0.004425120547481447,0.004918847457561112,0.7943397900539285,Wheeling,Wheeling
73,0.01644008770450849,0.7152830580056257,0.00365295460867697,0.0025552181751752924,0.0018145936769664967,0.2602540878290468,Sitting,Wheeling
74,0.010155560132092884,0.17565212184293563,0.005613307057432604,0.006445743886004196,0.003682029090994193,0.7984512379905405,Wheeling,Wheeling
75,0.02004365666738253,0.16639869437268703,0.007761088870698757,0.003985692985668453,0.0033106260832629444,0.7985002410202999,Wheeling,Wheeling
76,0.007806290415999817,0.05117426818024432,0.007043228705869364,0.00408011544171729,0.0051906807047749715,0.9247054165513939,Wheeling,Wheeling
77,0.010858480989047535,0.05429178206283994,0.013293702605361116,0.006640318697432434,0.021266297708925956,0.893649417936393,Wheeling,Wheeling
78,0.010803263650008202,0.1180095051005234,0.005623792816245486,0.004175431710718902,0.005901205394053269,0.8554868013284507,Wheeling,Wheeling
79,0.012616611992186373,0.154304518677809,0.006358745452347322,0.0037986283371393074,0.004987145223141752,0.8179343503173765,Wheeling,Wheeling
80,0.011226486481051744,0.10829983766913104,0.009234093363723347,0.005017507674510619,0.0066908104737206766,0.8595312643378629,Wheeling,Wheeling
81,0.008509068574074755,0.011216524489937076,0.005438674424561378,0.004671907015477353,0.002011982524029717,0.96815184297192,Wheeling,Wheeling
82,0.010397536768774956,0.1281193203868109,0.006832956783954085,0.00445922747324573,0.005944063170240516,0.8442468954169742,Wheeling,Wheeling
83,0.0069482064755762565,0.03365648258946846,0.007037302197197058,0.0048447600675131175,0.008305475717390704,0.939207772952854,Wheeling,Wheeling
84,0.009435276322080022,0.03359947761682556,0.006680820605686603,0.004318649146361732,0.007667601178727062,0.9382981751303193,Wheeling,Wheeling
85,0.028985371764130817,0.005787566635049865,0.006491227773257092,0.004382655509067522,0.004271652307898369,0.9500815260105963,Wheeling,Wheeling
86,0.009994603948971633,0.00431050590743705,0.006231489434841276,0.004839534801244971,0.01935389384775756,0.9552699720597473,Wheeling,Wheeling
87,0.015218118874459669,0.021293885551353836,0.002768296268869068,0.0040642879715810255,0.0009726734656621357,0.9556827378680746,Wheeling,Wheeling
88,0.022323615044951825,0.004005903260498757,0.0034579031156596034,0.006875978276005948,0.0013983367958494174,0.9619382635070346,Wheeling,Wheeling
89,0.00764013326007174,0.03667768879814106,0.00932757764470509,0.006024921912182814,0.009441235836224426,0.9308884425486748,Wheeling,Wheeling
90,0.006403041532121452,0.00882003426359455,0.00572879747528648,0.004049916168034715,0.006981933559305653,0.9680162770016573,Wheeling,Wheeling
91,0.014463209102349984,0.06798978917548552,0.008717180407329364,0.0046582643869766535,0.005534014697358073,0.8986375422305005,Wheeling,Wheeling
92,0.013157504640534293,0.06512681390248823,0.00572801602526958,0.004029516292953386,0.003544522357463493,0.9084136267812908,Wheeling,Wheeling
93,0.010104388785478154,0.0031116259021183113,0.00278734217528813,0.002012714311013656,0.006556495929663254,0.9754274328964386,Wheeling,Wheeling
94,0.009053375436658895,0.01780010319027033,0.0036712342046649306,0.00295901981943499,0.006526544810427711,0.9599897225385431,Wheeling,Wheeling
95,0.028764771270295874,0.016686735464706788,0.010730436324636832,0.006981267912941472,0.005899538599047043,0.930937250428372,Wheeling,Wheeling
96,0.005077169585169292,0.03454453106013573,0.0042706061458796934,0.0026428554585728736,0.005763713858533419,0.9477011238917089,Wheeling,Wheeling
97,0.01130153680737514,0.005660605725166119,0.003507250284905668,0.002031738054273656,0.0043999191604172485,0.9730989499678623,Wheeling,Wheeling
98,0.021599170649054842,0.0144716826016636,0.005038137954418229,0.004059535275825711,0.004961044496037271,0.949870429023,Wheeling,Wheeling
99,0.037499665350367375,0.04089718113877144,0.08642435901285969,0.027371128882980718,0.058637446120582484,0.7491702194944379,Wheeling,Wheeling
100,0.0037685847811742114,0.008967166057422475,0.05513554548774362,0.01663893787809804,0.9122283942696483,0.0032613715259132894,Walking,Walking
101,0.0010232293931072241,0.00039742813459307455,0.09830427169995601,0.0008495180572156342,0.8985596832671513,0.000865869447976713,Walking,Walking
102,0.0034488441192589447,0.0014190621925553016,0.11488971248998808,0.0016020418428294163,0.8766632225966078,0.0019771167587603546,Walking,Walking
103,0.0029939538510246,0.0023185050315344497,0.055060773384408686,0.0021347891949688347,0.9351456250732424,0.0023463534648212633,Walking,Walking
104,0.0007490739149194183,0.0003262055494533243,0.06403062553797047,0.000536620612722062,0.9339342105894956,0.00042326379543909936,Walking,Walking
105,0.002232693763724636,0.003308492955258202,0.07375507082775085,0.003151367887571685,0.9154462361329596,0.002106138432735212,Walking,Walking
106,0.0022837295664984406,0.00036526269823819284,0.07172560499840436,0.0009174170091086131,0.9230790646338813,0.0016289210938689918,Walking,Walking
107,0.00154099808738122,0.0016835934156590852,0.08095834434011391,0.0017532326798154465,0.9127542304588759,0.0013096010181543438,Walking,Walking
108,0.0018132451543550524,0.0010249088148600695,0.07290918908430402,0.002719244650077446,0.9197288748646498,0.0018045374317539507,Walking,Walking
109,0.003060942723191669,0.0010526104231359877,0.07076950113770042,0.0010532932552447288,0.9230436352199677,0.001020017240759423,Walking,Walking
110,0.003334791117749308,0.0013755591213707574,0.09790800783012402,0.0011826115023536412,0.8932442746826303,0.002954755745771785,Walking,Walking
111,0.00219006237749408,0.0008758019826058738,0.08249344058933178,0.0009198910751781011,0.9120106102060275,0.001510193769362979,Walking,Walking
112,0.002400018817355312,0.002526998432941091,0.11113101555145967,0.002414737920573495,0.8792569927090493,0.002270236568621111,Walking,Walking
113,0.002329785571340528,0.0016329692227786332,0.06725067412166798,0.0032288502927204973,0.9225596892273783,0.0029980315641143034,Walking,Walking
114,0.00119563057138413,0.0026988421315061353,0.25505206003390024,0.008895226941365181,0.7310946705999102,0.0010635697219340187,Walking,Walking
115,0.0006959362784117906,0.0008665351289869474,0.10427326312450677,0.00342353329559772,0.8902489422941651,0.0004917898783318048,Walking,Walking
116,0.002915269302791482,0.015508833579231605,0.09209533682334695,0.05037558658551632,0.8343781738131744,0.004726799895939304,Walking,Walking
117,0.03400250369487024,0.05391862422870695,0.3082955175063073,0.00896013655546048,0.1909518334360703,0.40387138457858485,StairClimbing,Walking
118,0.037785107821370144,0.7928576224722206,0.0026343955858268973,0.0038523469889835695,0.0024153906085531726,0.1604551365230458,Sitting,Sitting
119,0.027911999072867982,0.9065265079415945,0.002083958851985232,0.0022623293211361086,0.001142449232698001,0.06007275557971824,Sitting,Sitting
120,0.025409204280696263,0.9077240317142167,0.001982143520666636,0.001720749959609296,0.0008136427340764027,0.06235022779073489,Sitting,Sitting
121,0.02450836991203987,0.9035216504066585,0.0015890095925953694,0.0018848523058400707,0.001103459474416798,0.06739265830844923,Sitting,Sitting
122,0.023117876560247802,0.9428552895948992,0.001090116945706024,0.001464912944946173,0.001283172290703911,0.030188631663497174,Sitting,Sitting
123,0.023117876560247802,0.9428552895948992,0.001090116945706024,0.001464912944946173,0.001283172290703911,0.030188631663497174,Sitting,Sitting
124,0.026321818313462045,0.927111264185494,0.001350285079793927,0.0015688417677047956,0.0012791258805059868,0.04236866477303903,Sitting,Sitting
125,0.026321818313462045,0.927111264185494,0.001350285079793927,0.0015688417677047956,0.0012791258805059868,0.04236866477303903,Sitting,Sitting
126,0.026321818313462045,0.927111264185494,0.001350285079793927,0.0015688417677047956,0.0012791258805059868,0.04236866477303903,Sitting,Sitting
127,0.026321818313462045,0.927111264185494,0.001350285079793927,0.0015688417677047956,0.0012791258805059868,0.04236866477303903,Sitting,Sitting
128,0.026321818313462045,0.927111264185494,0.001350285079793927,0.0015688417677047956,0.0012791258805059868,0.04236866477303903,Sitting,Sitting
129,0.026321818313462045,0.927111264185494,0.001350285079793927,0.0015688417677047956,0.0012791258805059868,0.04236866477303903,Sitting,Sitting
130,0.026321818313462045,0.927111264185494,0.001350285079793927,0.0015688417677047956,0.0012791258805059868,0.04236866477303903,Sitting,Sitting
131,0.026321818313462045,0.927111264185494,0.001350285079793927,0.0015688417677047956,0.0012791258805059868,0.04236866477303903,Sitting,Sitting
132,0.026321818313462045,0.927111264185494,0.001350285079793927,0.0015688417677047956,0.0012791258805059868,0.04236866477303903,Sitting,Sitting
133,0.026321818313462045,0.927111264185494,0.001350285079793927,0.0015688417677047956,0.0012791258805059868,0.04236866477303903,Sitting,Sitting
134,0.026321818313462045,0.927111264185494,0.001350285079793927,0.0015688417677047956,0.0012791258805059868,0.04236866477303903,Sitting,Sitting
135,0.020162626118344247,0.7741551165358803,0.002610697914344585,0.002817155505706445,0.0027632672266067375,0.19749113669911836,Sitting,Sitting
136,0.02457011957991736,0.5999590852898987,0.003673043350976066,0.003113843674137225,0.003055240036178229,0.3656286680688922,Sitting,Sitting
137,0.022102870712300396,0.6156221748122056,0.003730785536001999,0.0036608534040573908,0.003951374802156772,0.3509319407332779,Sitting,Wheeling
138,0.0671934646710666,0.015567174845251535,0.0038747121135224278,0.00481099572865947,0.0034762390241246327,0.9050774136173755,Wheeling,Wheeling
139,0.022417540007675627,0.0064314597433305885,0.003842823258562012,0.0023620940798294698,0.00666492882573861,0.9582811540848635,Wheeling,Wheeling
140,0.014719885925910696,0.0035019863121010754,0.004664904169766195,0.002166355011196441,0.006964260961747082,0.9679826076192788,Wheeling,Wheeling
141,0.0688316377110301,0.020586730056440617,0.008351123341154513,0.004459363392809391,0.009878811205759503,0.8878923342928058,Wheeling,Wheeling
142,0.016528477064156676,0.004136455538866509,0.0031854528770360645,0.0023137123989198714,0.005783921169342066,0.9680519809516785,Wheeling,Wheeling
143,0.027955823563349014,0.02235638514359912,0.0022713451286518224,0.003794408375728094,0.0028888831682590344,0.9407331546204126,Wheeling,Wheeling
144,0.013004737436434259,0.03065670637745138,0.0029241979676724247,0.003836902088477357,0.0037542394999247933,0.9458232166300399,Wheeling,Wheeling
145,0.010979880189503098,0.026257446109996464,0.002348323054253959,0.0031444673588115007,0.003808673537029366,0.9534612097504055,Wheeling,Wheeling
146,0.02531990143114421,0.019109885670515542,0.0022481429642791807,0.0028571671599411344,0.0032819524813228283,0.9471829502927971,Wheeling,Wheeling
147,0.02772094485458296,0.013272170120203902,0.0024327422847814396,0.0027385657463475125,0.004069025423207633,0.9497665515708766,Wheeling,Wheeling
148,0.017618083468321204,0.007726255319315866,0.0042356828908522446,0.0023979247703969967,0.008359794916283301,0.9596622586348301,Wheeling,Wheeling
149,0.0454988298103488,0.01672204601278725,0.003507133765684933,0.0036812281551475007,0.004066187331436826,0.9265245749245945,Wheeling,Wheeling
150,0.016274986479547022,0.011970777515523183,0.002032677727732936,0.0028231387271202644,0.003527492311062859,0.9633709272390139,Wheeling,Wheeling
151,0.0364931729030766,0.016719129856580108,0.0036741465581755124,0.0036928221969705624,0.004346343339973194,0.935074385145224,Wheeling,Wheeling
152,0.0062173602620821415,0.0035946563850975844,0.002490601235897556,0.0027765226049501703,0.004119720681488256,0.9808011388304841,Wheeling,Wheeling
153,0.008696142503244401,0.0022915929132051706,0.0018944579121351532,0.001627342374721275,0.005463403547767572,0.9800270607489263,Wheeling,Wheeling
154,0.014588764293130866,0.004397844868499928,0.004322248701601131,0.002984434775419181,0.004888065108502342,0.9688186422528465,Wheeling,Wheeling
155,0.025258551955119488,0.005938709850435534,0.0024447216668908073,0.002391456603941539,0.003413044793917406,0.9605535151296952,Wheeling,Wheeling
156,0.012625294011336942,0.00304566226377539,0.004481943269932589,0.002626815292736378,0.005433701340478979,0.9717865838217394,Wheeling,Wheeling
157,0.028642222301747275,0.006747062048206879,0.005582365198244162,0.002306130583761132,0.005291576147249298,0.9514306437207913,Wheeling,Wheeling
158,0.01302331708808001,0.09256289556123906,0.008752796023503217,0.004085489644005236,0.009616613698648468,0.8719588879845236,Wheeling,Wheeling
159,0.043281446471049576,0.029601538240126627,0.0027578169386547565,0.004654152052071659,0.002703094000321034,0.9170019522977764,Wheeling,Wheeling
160,0.025035526474486626,0.006291150355410206,0.003743835409052808,0.0028200374613594954,0.0037839129830162356,0.9583255373166746,Wheeling,Wheeling
161,0.03838943368676764,0.008814456033260665,0.004176306615151441,0.0022517513002423832,0.00461991839465109,0.9417481339699266,Wheeling,Wheeling
162,0.016627165805976847,0.00435615938804587,0.00642005441083003,0.0026497044794513936,0.006213380577704627,0.9637335353379913,Wheeling,Wheeling
163,0.9913175094681957,0.0011040421250623107,0.0015423613547789251,0.003841483721910587,0.001377110433848825,0.0008174928962036731,Lying,Lying
164,0.9898822821665915,0.0014038264877779306,0.0032658078014028806,0.0028486356319655927,0.0018444887864249818,0.0007549591258372,Lying,Lying
165,0.9770781157202347,0.002583946054844995,0.003370687114973546,0.0049882270795224065,0.009553736483113437,0.002425287547310801,Lying,Lying
166,0.9732862447132249,0.003122645668471053,0.0036980436904757025,0.006848927021610266,0.009104872087114276,0.003939266819103655,Lying,Lying
167,0.9905900358182631,0.0016467687228306448,0.00240726901425556,0.002593309377949004,0.001607586858396854,0.0011550302083048762,Lying,Lying
168,0.9905900358182631,0.0016467687228306448,0.00240726901425556,0.002593309377949004,0.001607586858396854,0.0011550302083048762,Lying,Lying
169,0.9905900358182631,0.0016467687228306448,0.00240726901425556,0.002593309377949004,0.001607586858396854,0.0011550302083048762,Lying,Lying
170,0.9905900358182631,0.0016467687228306448,0.00240726901425556,0.002593309377949004,0.001607586858396854,0.0011550302083048762,Lying,Lying
171,0.9905900358182631,0.0016467687228306448,0.00240726901425556,0.002593309377949004,0.001607586858396854,0.0011550302083048762,Lying,Lying
172,0.9905900358182631,0.0016467687228306448,0.00240726901425556,0.002593309377949004,0.001607586858396854,0.0011550302083048762,Lying,Lying
173,0.9905900358182631,0.0016467687228306448,0.00240726901425556,0.002593309377949004,0.001607586858396854,0.0011550302083048762,Lying,Lying
174,0.9905900358182631,0.0016467687228306448,0.00240726901425556,0.002593309377949004,0.001607586858396854,0.0011550302083048762,Lying,Lying
175,0.9905900358182631,0.0016467687228306448,0.00240726901425556,0.002593309377949004,0.001607586858396854,0.0011550302083048762,Lying,Lying
176,0.9905900358182631,0.0016467687228306448,0.00240726901425556,0.002593309377949004,0.001607586858396854,0.0011550302083048762,Lying,Lying
177,0.9905900358182631,0.0016467687228306448,0.00240726901425556,0.002593309377949004,0.001607586858396854,0.0011550302083048762,Lying,Lying
178,0.9905900358182631,0.0016467687228306448,0.00240726901425556,0.002593309377949004,0.001607586858396854,0.0011550302083048762,Lying,Lying
179,0.9905900358182631,0.0016467687228306448,0.00240726901425556,0.002593309377949004,0.001607586858396854,0.0011550302083048762,Lying,Lying
180,0.9905900358182631,0.0016467687228306448,0.00240726901425556,0.002593309377949004,0.001607586858396854,0.0011550302083048762,Lying,Lying
181,0.9905898942744629,0.0020005056849458445,0.002250494100088229,0.0028297506907197264,0.0012806800924532538,0.0010486751573303024,Lying,Lying
182,0.9807188523927187,0.001853030138217964,0.00418260571439035,0.005824371452018187,0.0053762328027166725,0.0020449074999382933,Lying,Lying
183,0.9934473775222135,0.0014899789693505442,0.0011368201460548186,0.0028757602177953076,0.0004959817738555727,0.0005540813707304316,Lying,Lying
184,0.9927625912320363,0.0015873942092335992,0.0016463452332443717,0.0027920605728330525,0.0005405916844944908,0.0006710170681583367,Lying,Lying
185,0.9931591024871537,0.0016541607704126417,0.0011044072933851317,0.0029876957439876643,0.0005347489591474635,0.000559884745913774,Lying,Lying
186,0.9956887150194724,0.0014477856665952317,0.0009843514138523227,0.0014064031363829645,5.009457184821597e-05,0.000422650191848682,Lying,Lying
187,0.9718794729381249,0.0037887305494663593,0.006113834567907234,0.003838628286906318,0.010080881117334822,0.004298452540259985,Lying,Lying
188,0.9718794729381249,0.0037887305494663593,0.006113834567907234,0.003838628286906318,0.010080881117334822,0.004298452540259985,Lying,Lying
189,0.9718794729381249,0.0037887305494663593,0.006113834567907234,0.003838628286906318,0.010080881117334822,0.004298452540259985,Lying,Lying
190,0.9718794729381249,0.0037887305494663593,0.006113834567907234,0.003838628286906318,0.010080881117334822,0.004298452540259985,Lying,Lying
191,0.9718794729381249,0.0037887305494663593,0.006113834567907234,0.003838628286906318,0.010080881117334822,0.004298452540259985,Lying,Lying
192,0.9718794729381249,0.0037887305494663593,0.006113834567907234,0.003838628286906318,0.010080881117334822,0.004298452540259985,Lying,Lying
193,0.9718794729381249,0.0037887305494663593,0.006113834567907234,0.003838628286906318,0.010080881117334822,0.004298452540259985,Lying,Lying
194,0.9718794729381249,0.0037887305494663593,0.006113834567907234,0.003838628286906318,0.010080881117334822,0.004298452540259985,Lying,Lying
195,0.9718794729381249,0.0037887305494663593,0.006113834567907234,0.003838628286906318,0.010080881117334822,0.004298452540259985,Lying,Lying
196,0.9718794729381249,0.0037887305494663593,0.006113834567907234,0.003838628286906318,0.010080881117334822,0.004298452540259985,Lying,Lying
197,0.0020045149856402385,0.01686994488183259,0.035520087404824256,0.8836638222970133,0.05929468302777547,0.0026469474029141883,Standing,Standing
198,0.002064901291170327,0.014774162531719336,0.020016789352657972,0.9415332160257205,0.01889672537282721,0.0027142054259047498,Standing,Standing
199,0.002152584870000581,0.012794953005569003,0.010253592497932324,0.9663974929998531,0.005750791277926181,0.002650585348718616,Standing,Standing
200,0.0017314554021346283,0.012706294945353802,0.014725321251899381,0.9564241137322916,0.011900196315447378,0.00251261835287322,Standing,Standing
201,0.002864981565782022,0.017430262498077356,0.016875067742620965,0.9475860871876924,0.011546492326559962,0.0036971086792671037,Standing,Standing
202,0.0025798361251426877,0.019813097036621746,0.0183870678111217,0.93760818606026,0.01751710138975297,0.004094711577101249,Standing,Standing
203,0.0022887646529560694,0.022555853746066723,0.03769373159502238,0.898126536318593,0.03572151647089932,0.0036135972164627107,Standing,Standing
204,0.001535609727679462,0.011926042104935818,0.007045521916594196,0.9686431706017902,0.008870398045979654,0.0019792576030204395,Standing,Standing
205,0.0020063928534377385,0.014232287647269007,0.016145393278360023,0.9443689868619675,0.02028137878333287,0.0029655605756329414,Standing,Standing
206,0.002006809073984961,0.018289909766258734,0.013784938406167277,0.9462360036251405,0.016099711461878843,0.0035826276665697175,Standing,Standing
207,0.0017076835413974542,0.015513122530976184,0.012637881869674704,0.9533597328526986,0.013963455917044936,0.0028181232882079216,Standing,Standing
208,0.0019130467136653899,0.015945792332954584,0.03703136180953769,0.8948792174807545,0.04708680700774609,0.003143774655342002,Standing,Standing
209,0.002896719643116438,0.017383227885623354,0.06663505222420171,0.8343261184243312,0.07461267482842526,0.004146206994302341,Standing,Standing
210,0.0031683717391334134,0.01982187408724877,0.019993882712037784,0.9332907242350709,0.017989847612291394,0.005735299614218048,Standing,Standing
211,0.0031683717391334134,0.01982187408724877,0.019993882712037784,0.9332907242350709,0.017989847612291394,0.005735299614218048,Standing,Standing
212,0.0031683717391334134,0.01982187408724877,0.019993882712037784,0.9332907242350709,0.017989847612291394,0.005735299614218048,Standing,Standing
213,0.0012599569923099738,0.015997412048561584,0.009500018682464428,0.964191601011,0.006434577953956904,0.0026164333117075075,Standing,Standing
214,0.0019057821555363752,0.013014436800057433,0.021457766987850974,0.9395421449262779,0.021333656988829205,0.002746212141448522,Standing,Standing
215,0.001514300986716731,0.015542088888469157,0.015743920710717143,0.9503480962357715,0.014508422271354796,0.002343170906970936,Standing,Standing
216,0.00047209940013459876,0.007798623460285815,0.03827384932108658,0.9185745069713569,0.03302253937099093,0.0018583814761451982,Standing,Walking
217,0.0033759361879266802,0.007719607807785747,0.13966068224716585,0.012682471894766845,0.8307466066917661,0.005814695170588533,Walking,Walking
218,0.000817670551154177,0.0025246038046882746,0.14418730007394967,0.003959748960785928,0.8476222246651356,0.0008884519442865274,Walking,Walking
219,0.0016989635068988985,0.005790172403239241,0.21133358332716892,0.011594423445216107,0.7674233082104511,0.0021595491070255913,Walking,Walking
220,0.0015596067012766887,0.006293192253270298,0.18408212063784013,0.005107745381893811,0.8008975023786008,0.002059832647117808,Walking,Walking
221,0.00228893290067353,0.008885847946310543,0.21582674757450887,0.021193098024474055,0.7481832074469758,0.003622166107057305,Walking,Walking
222,0.00497478355746795,0.037521826381568334,0.15774693516491678,0.09675378897661296,0.6917313134628764,0.01127135245655771,Walking,Walking
223,0.0021342603026168324,0.004225240120090138,0.14254365116075943,0.0035487147697279794,0.8439691809014885,0.003578952745317036,Walking,Walking
224,0.0011236320732764752,0.0016259820939567686,0.21072642357271973,0.0013115964517338905,0.7838203966133918,0.0013919691949214824,Walking,Walking
225,0.0009734015943442647,0.001685465492936857,0.20145792190953857,0.0014260941675834332,0.7936028525944819,0.000854264241114843,Walking,Walking
226,0.0027141250183123464,0.005296514701278806,0.13523889988017054,0.01050132518933161,0.8381039972514219,0.008145137959484804,Walking,Walking
227,0.0026295038061207266,0.003571941840159099,0.2263573340033484,0.001472877265095456,0.7621683168940394,0.0038000261912370754,Walking,Walking
228,0.0035849516267388087,0.0008254627075984773,0.11888360236484131,0.0017866934730440091,0.8684340538975752,0.0064852359302019925,Walking,Walking
229,0.0021470353807710183,0.004435901757601344,0.42949590553666356,0.0019414381983319262,0.5596589056180991,0.002320813508533379,StairClimbing,Walking
230,0.002531655694769214,0.0008346980075475282,0.12401699325448028,0.0015698622789133978,0.8673542353570648,0.0036925554072246834,Walking,Walking
231,0.004059930888107942,0.0012636623563600988,0.206058910966428,0.0010145659641201345,0.781812585982833,0.005790343842150859,Walking,Walking
232,0.0031697388644979954,0.0014684450446527924,0.18026682605632713,0.0010648902471303045,0.8096053255934049,0.004424774193986954,Walking,Walking
233,0.0018972490308171955,0.0010563460467109614,0.229007798267581,0.0004725202905684018,0.765327576405482,0.002238509958840444,Walking,Walking
234,0.0024543892410187917,0.001328102431715864,0.24269473689080512,0.0005174696415919507,0.7500014588280493,0.0030038429668196756,Walking,Walking
235,0.002701471228811138,0.013458100546735904,0.20445804130430117,0.018712829505705405,0.756321850312299,0.004347707102147615,Walking,Walking
236,0.0035171645981869675,0.018650729177875074,0.2105626114699011,0.0094135818655145,0.749859391528939,0.0079965213595838,Walking,Walking
237,0.0026418340940626297,0.0044873582033518634,0.18225649386457451,0.004434296329616693,0.7994616525908057,0.006718364917588845,Walking,Walking
238,0.005012650766161933,0.008277880520733718,0.1848451767450784,0.0060150617273503695,0.7838506024421954,0.011998627798480262,Walking,Walking
239,0.002882194795482912,0.0049087744985468,0.2110669574305823,0.006524199240448809,0.7691972643637787,0.005420609671160538,Walking,Walking
240,0.00414776239396731,0.006482089648206961,0.16425298642955272,0.003815439158813572,0.8132899281185071,0.008011794250952284,Walking,Walking
241,0.004057697574306357,0.001799237279328459,0.11108616259255583,0.004368771768678795,0.8639890870287928,0.014699043756338105,Walking,Walking
242,0.004592923594174078,0.0036902521602307134,0.16635416621162888,0.0020443356048978787,0.8126841268823316,0.01063419554673666,Walking,Walking
243,0.0012359914453091234,0.0021259242206468137,0.31964499452694994,0.0006497089274060455,0.6752711359303529,0.0010722449493354008,Walking,Walking
244,0.003457444169109052,0.006606535245863208,0.19943842639599368,0.004828200480557069,0.7775580126401342,0.008111381068342968,Walking,Walking
245,0.002700900455590944,0.0028824705693745382,0.13137693430288672,0.006748061715981281,0.8489253817813087,0.007366251174857925,Walking,Walking
246,0.002910642800847167,0.004944141101349844,0.16013807787141626,0.0031848165022241052,0.8234664552162669,0.005355866507895824,Walking,Walking
247,0.003103210837722723,0.0015182817707900542,0.1990754883880655,0.001901043261188038,0.7878659482666749,0.006536027475558957,Walking,Walking
248,0.0036032802173645295,0.002148687999598311,0.08476893114194047,0.0018447911903003008,0.9034333774383316,0.004200932012465024,Walking,Walking
249,0.0009830041650658648,0.001165119813454436,0.5607002800696433,0.005657619683709811,0.43123268328753295,0.00026129298059387134,StairClimbing,Walking
250,0.000978569596676359,0.007870952426242542,0.09140471839375794,0.03479377780513195,0.8632444905123182,0.0017074912658728925,Walking,Walking
251,0.0027828382542039293,0.016804244093970973,0.2550007677849375,0.5916842693965165,0.1253937961051927,0.008334084365178336,Standing,Walking
252,0.003319429565403122,0.00190498699027792,0.07534864754342185,0.001528513968964742,0.9146540482094913,0.0032443737224412354,Walking,Walking
253,0.002003986047987735,0.000488532282659259,0.14221459896627325,0.0006275064339836357,0.852323347692965,0.0023420285761312984,Walking,Walking
254,0.006395129071102102,0.0012034141922118238,0.42352155523721896,0.000908080660825662,0.5628212238247449,0.0051505970138965435,Walking,Walking
255,0.0031770335921226444,0.001091374017640024,0.28777881329706423,0.0007381585358273579,0.7043303290699756,0.0028842914873702134,Walking,Walking
256,0.0016292368570745893,0.001593084177315793,0.7249444594934022,0.015300474443501095,0.25597068747888724,0.0005620575498188449,StairClimbing,Walking
257,0.004217193886962812,0.006863602482488168,0.2783597451661589,0.005773450718172738,0.6977782768122625,0.007007730933954449,Walking,Walking
258,0.011263204607410787,0.007981702609490514,0.809708229357104,0.035556867137933997,0.12247396802539753,0.013016028262663171,StairClimbing,Walking
259,0.0026681543689859723,0.0003146689697689479,0.9624481282236182,0.0012874247680838685,0.032757057093398545,0.0005245665761445611,StairClimbing,Walking
260,0.0038412129041774804,0.0007233722048086512,0.5981928005429858,0.0017369404805720262,0.3942173918248191,0.001288282042637219,StairClimbing,Walking
261,0.004939605858893012,0.0014753738259729798,0.5859866824104766,0.0016290735226843936,0.4033314711129559,0.0026377932690174054,StairClimbing,Walking
262,0.0014655332308228955,0.0007709390321158063,0.40804576114569757,0.001452952384334932,0.5878802011805754,0.0003846130264534942,Walking,Walking
263,0.0015639852559678994,0.002619560097729473,0.3253211816060642,0.010085414130421652,0.6596230289848684,0.0007868299249477361,Walking,Walking
264,0.003235971688581826,0.0017077033771697007,0.12971947072394036,0.009218443734630771,0.8517961909338468,0.004322219541830593,Walking,Walking
265,0.001898319935552174,0.0005775112839009315,0.6598572015465789,0.0008157418077535167,0.3364472794104461,0.00040394601576864336,StairClimbing,Walking
266,0.0019809639627553664,0.0014231353765743007,0.594795443975437,0.0014890019731577345,0.3997289002983661,0.0005825544137094024,StairClimbing,Walking
267,0.001411183930928629,0.0011226885375978301,0.6813630924393995,0.0019309016319313647,0.3138565511533377,0.0003155823068047488,StairClimbing,Walking
268,0.0014271990613139436,0.00060806573932665,0.3609966031106134,0.0007628453591864066,0.6357727367671128,0.0004325499624470641,Walking,Walking
269,0.0008224797573279459,0.0003340727130774499,0.955469388473384,0.0005241779281280593,0.042779148984711954,7.07321433706497e-05,StairClimbing,Walking
270,0.0020003127026969993,0.0029273231880312866,0.05948123647883712,0.020859357389208667,0.9125369504519885,0.002194819789237404,Walking,Walking
271,0.002711794058305556,0.0009519764612114047,0.825021834475779,0.0016733577658276913,0.16885696009076268,0.0007840771481135188,StairClimbing,Walking
272,0.001314130476863106,0.0008111656075733914,0.26817106488170434,0.0009753337414840003,0.7280139969943729,0.000714308298002234,Walking,Walking
273,0.002252662779529871,0.0018304688385593908,0.12690370956165384,0.0014622215741145648,0.8652067100097135,0.002344227236428752,Walking,Walking
274,0.002631416325308569,0.0030920790328918925,0.30336549616888775,0.008873408783003904,0.6799189981197743,0.0021186015701333896,Walking,Walking
275,0.0011806263248113687,0.0007620510827994103,0.6109436959878548,0.0011061962093454395,0.38577859724468994,0.0002288331504990302,StairClimbing,Walking
276,0.0037621616734895337,0.005579047395298092,0.5823916271432007,0.005562323424644086,0.4005020762647636,0.002202764098603678,StairClimbing,Walking
277,0.0016650363124600719,0.0037549492321494117,0.11014392072167711,0.029051660108525335,0.8540295681496579,0.0013548654755302359,Walking,Walking
